51279489.6446770281 113241.1568662173
50642951.1695090085 84230.6242478639
50889540.9995634556 100515.4156657702
50787463.1524880528 96105.5748921484
51762920.9049489349 122265.0328750610
52296386.6255068779 128700.8859009147
51023341.4930557609 106427.4829735814
51065152.0560918674 107339.9847793870
50939667.3700675443 102992.6113559252
50938942.4700814262 102924.4360781759
50591656.4726449400 70626.1861541294
50596029.5063207000 71025.1320414857
51002726.5131186396 105552.1114668637
52592820.1237914488 130965.9694938660
51104144.9952553511 107843.3875046067
50855245.6018680632 99366.0642293990
50609493.8325904161 77318.5663654879
58085206.7370650023 140482.3613204956
50711967.3553860709 91334.7340130433
51153810.9829672053 109719.3696136475
59852830.0148896202 144935.2171325684
59594366.2142158523 142008.9957580566
67993773.7926983684 156809.6081542969
50842534.3859909028 98714.2064839453
50860435.6381938085 99547.4406130104
50914025.6102930531 101979.0786419958
50924982.7261954620 102448.8939965814
50952145.8525498882 103481.2385655886
52315633.4886121154 130055.3353332877
51150470.3627385125 109683.3344595837
51032585.3376712352 106574.8596431261
51085619.4539970458 107637.1678557396
50874899.3143934458 100049.3622805178
50721146.5179342106 92045.2461313531
50717151.9670963287 91792.3920649812
50743751.4236333743 92875.9432089850
50862696.1574732438 99803.7732710629
50730602.4847142920 92447.9672084376
52645936.0090683699 132142.1892151237
51518161.6319011524 117942.3632377945
51657027.7437796220 121132.7591537833
50845312.9171684384 99156.9642010778
66557500.7138319835 153505.0556793213
50604189.8050481528 74339.5709499607
66821080.5150742754 156724.0181274414
50957090.7155486643 103612.6744672304
50989674.5929567143 104924.6068938433
50604569.4055733234 74342.4085586979
50638265.7054094523 84070.7945986837
50656411.4138389379 85080.5437813178
50869911.4926926196 99840.2624047846
51088944.7420569584 107715.5850372605
50781230.1261612102 96021.2779598641
50853066.4705772102 99259.9983118176
50940220.9545750991 103036.8946119398
51529769.8375747129 118134.4835457169
50969287.3054715097 103786.7919398791
51023011.7051106840 106396.2953643799
50709556.5655786321 91288.2724076360
51269557.2252413183 112887.5551135831
50759378.5894588903 93444.1661034545
50905020.7402479574 101611.7491570562
50939897.6937851682 103022.7372984677
51263712.9295401722 112418.2515206574
51006210.2935071141 105919.4407992153
50792450.9741889015 96314.6747678816
51415594.7546944544 116576.3329162889
51280514.3411437273 113357.3704681688
50726941.4855751991 92324.6207068488
51137009.5713636503 109242.5150484829
63923243.7708674073 149109.6120758057
51043246.1406711787 107063.4868527895
51019643.9996932223 106316.2905382900
51466787.6429706216 117013.0329442241
50920037.8631966785 102448.8938439935
50805795.7473735735 96723.7032503872
50995253.1776047051 105449.6254446297
50852210.0260245353 99259.4502233118
50864966.6296938360 99840.2622521967
50871392.7540962100 100017.2559675961
50764658.0996406525 93551.0965844116
50875899.5399417058 100170.4970675951
50951139.0600042641 103310.8092074185
51675605.4357162714 121353.4459938370
51878595.6986011267 124484.8335327506
50603942.0033863410 74337.2612249984
50717878.4863440841 91858.9279868454
50926463.9875990674 102625.8875593930
51034106.7042511851 106593.6714982039
50977514.1041683853 103966.2280513293
50810302.5332190618 96876.9443503863
50931491.9144762531 102676.8057273924
50884596.1365646794 100383.9797641283
50610157.5910559148 77416.8940624534
50915506.8716966584 102156.0722048073
52133507.7302716002 126371.1783979535
50605438.1609584019 74613.7677707970
69362574.4738709182 159011.3935546875
50603088.1441697255 74205.7678337395
50773821.6928662956 95892.0920430273
51293763.2213423327 113357.3707123094
50860000.6901741028 99411.9335693419
50618497.5664939806 80291.0325648859
53320943.2455291674 136551.8374847770
50705304.7065672502 89502.5064185187
50607542.2836376503 77178.9587950036
50593301.7040685862 70977.2422792912
51331075.3382230848 113759.7046269178
50589972.4126135632 67491.8287775367
50662606.0608257130 85423.3957993165
50699509.7389262542 89223.1318430230
51259062.2909680605 112168.7392916470
68981911.3941941559 158339.8787841797
50597525.6638927609 73939.0480665788
51340381.6456856951 114180.5652962022
51155147.2889575809 109769.1919781268
51162646.8595195785 109800.4809769928
51595772.7949014232 120296.7555566125
50674163.3944036067 85824.4354560897
50668401.0284667090 85702.7703748122
50815247.3962178379 97008.3802520281
51192777.2018029690 110641.8089447313
65518990.8726935014 151188.2033843994
50658167.8171028569 85143.7776879743
50604628.9700514302 74390.9270021021
50793451.1997371390 96435.8095549589
63870948.5697307214 149089.7371978760
50603196.1855789796 74297.6314947307
50627180.6134201586 81279.1738385856
50656378.8121348247 85049.8545097634
51897325.9999549836 125449.8672241569
51525528.2899100557 118015.6337655783
62634299.2050179839 147639.1139221191
50670489.5714051947 85724.1169778630
51161494.8286275491 109774.6408949024
51524358.2943243235 117943.1422676407
51486443.4989050701 117473.1912149191
50646178.2024750859 84745.5143029019
50701428.4333746582 89368.9071066901
50754433.7264600992 93312.7302018127
69173821.4890195727 158991.5186767578
50664524.7552741170 85569.1710629836
66076857.7286069691 151891.9945068359
50683460.1172521561 88360.5961398408
50793995.3711008206 96461.0288632959
51406381.9615537822 116167.3783933169
60321058.3279170468 145831.4060668945
50777144.0376189128 96019.8940678686
50620332.1462665722 80673.2343604863
50797099.1507505998 96510.2205538540
50728901.1859716326 92366.2189410254
50798396.0627359226 96567.2454566008
53285755.2712787762 136393.1294174194
50737173.0481967926 92791.6460707071
50818664.4826590344 97114.9324676043
50769761.6858199686 95524.7627106756
51473089.5942385718 117400.6105127281
51164897.0284007564 109904.5914201080
50801813.1491771340 96673.7976721770
50807092.6593589038 96780.7281531340
51144870.6766395569 109365.9182588956
50739697.2996015102 92871.5601821914
51133102.6103838757 108845.6623263150
51104931.1246955618 107917.5530816561
51407406.6580204815 116283.5919952684
51856757.2023790702 122734.3047241569
53355190.5836612210 136557.8105682731
50734705.8547731563 92741.1347423121
51474953.3193711117 117425.7165946960
50723065.2123825997 92191.0213950202
50695515.1880883873 88970.2777766511
50823943.9928408042 97221.8629485613
50843154.9297157377 98779.9146500039
51753453.1093286723 122186.0409302115
50768766.1990030706 95152.2219565569
51740261.1321089715 122183.9577283806
51536974.5681368187 118168.7776321769
52900631.9474993721 132699.7851013541
51163018.5561833158 109801.5212992691
65191498.3326584548 150410.8153228760
50713275.6939037442 91654.1493796632
50661650.8371219635 85163.4780854136
50750016.4144706503 93085.0431991592
51738334.3422436789 121584.0267586075
50837589.5229921266 98714.2063313574
51447543.5233045369 116872.5639419847
50844015.6473945156 98891.2000467568
50672320.3678323030 85806.1591094062
52216719.9693221599 127418.1339630485
53113904.2856870666 135465.2623810172
50833529.5159458071 98346.8769990057
58276728.6787906289 141031.5017013550
53363133.3554915562 136844.8805450797
50806264.0663284585 96724.5651733354
51184737.8000298589 110422.7822647386
50788944.4138916656 96282.5684549599
50782518.2894892767 96105.5747395605
51199453.3022539541 110727.3773117356
50788083.6962128803 96171.2830582070
50751016.6400188953 93206.1779862365
50730294.2112921700 92368.7100062892
50666733.9795215800 85661.0467895195
50721597.6146691889 92155.2273097560
51239281.3661874160 111194.9960163832
51591674.0553353280 118831.4817041159
50650616.4461979344 84928.1894284859
50621724.5994600654 80805.9226199239
50725484.0995304286 92259.6667254493
51471081.5407125801 117185.3371176720
51437958.1449588463 116768.4532242112
50650097.5418406874 84865.4650816396
50654535.7855635285 85031.5781630799
50693815.2846389040 88954.6003497764
53104318.9073413685 135361.1516632438
50610769.3166037351 77693.8488500416
52233181.9679662883 127442.2474403381
52859682.3873638809 132434.9301361442
51791783.8089200705 122419.5351013541
51062569.0384893045 107103.4422123077
50746978.1731283069 93053.7988091856
51656662.1544514596 121060.7050728165
50681617.0906808600 88325.1317233369
50740083.7297710255 92875.9431708381
50676422.2673019394 87877.2359009832
50708322.8767319471 89546.7627450377
51301536.0083924234 113549.4907760911
51064092.7660450786 107205.9221641662
50675426.7804850414 87504.6951468645
50687520.1242984757 88727.9254721925
51685190.8140619621 121457.5567116104
50597020.8323936984 71256.6279626563
50738281.5765053406 92840.3161126524
50754055.2645475417 93218.6423221603
51577059.3936818540 118486.7065986954
50699401.6729496419 89099.7126696631
53650829.2565076500 139461.4957237244
51297150.1211214662 113427.2491321855
51169519.4980555102 110012.0794283003
51031608.7978618443 106440.1743218005
50731387.1331480443 92662.4604743049
51263608.4031365514 112360.4140166305
51436930.8570370227 116618.2611383200
50614457.8538452089 77990.6580114737
51337101.0611757785 113994.7528766628
50755961.5030176789 93337.6138878784
51223034.1839876324 110937.5911625624
50675417.4747934267 87417.5447898565
50615968.3007265627 78166.5664566085
50691406.6091597304 88862.0037386939
50745358.6679245681 93005.1596256271
50626923.5835828930 81278.6402264908
52001828.8077309430 125763.9719910026
51185528.9820496216 110524.5224381930
50688995.8193522915 88781.5545062348
50697288.4858079180 89031.0672781989
50634075.3402485549 81663.3174497262
51181143.0947786570 110397.0609630158
52136097.3912346736 126710.8984436393
68480553.4113961756 157496.2113037109
51380649.9045733064 114452.7846363783
50606545.3567795679 74674.8407769874
52164626.0508451685 127107.7500824332
53038876.6206030250 133896.2882599235
51937791.3238321915 125742.6082672477
51376947.8716773540 114348.6739186049
51234642.3896611929 111129.7114704847
51400455.3339008391 114724.4212288223
51164255.9898515344 109889.5052089982
51493665.8173076734 117537.5094140768
51370861.1827388182 114197.2826603651
51258738.2569867298 111613.2414478362
51869657.8261158317 124293.6938318014
50625413.1367015392 81102.7317813560
51384281.1903668121 114599.3624372110
59565454.1438384429 141741.3529205322
59476686.9513959214 141375.6663360596
50632812.6950290129 81575.6629200503
51655635.8320276216 120946.5830096304
51277862.1565265507 112913.9992911965
51171834.9047219753 110390.5580756813
51462430.9658454508 116882.2535228676
51652821.9286896810 120756.4732202291
51641135.6216825768 120397.1584978104
51389969.2024521232 114610.2991656363
50633556.4358913079 81600.5931028798
51528697.1677011400 118020.3614825308
51132979.6639598534 108776.1340825707
51378360.9967785701 114418.1788577139
50629637.0965257064 81480.6423241422
51156806.7345112637 109772.7105694108
51150436.6097658128 109448.8977737427
51135085.3760258332 108889.4462757111
50604933.3294593394 74572.4451971427
50637994.6796141490 81766.7061843202
59303453.9502251968 141140.5580902100
