51389969.2024521232 114610.2991656363
51692946.0504766330 121367.4697717428
51334890.3185026199 113746.2094900906
51144910.4947421551 109341.2095859051
50765374.9645928144 93337.6138878784
50805031.3509221226 96333.2269910425
53095815.9310314357 131963.4359104633
50633556.4358913079 81600.5931028798
50667894.2252307385 85107.2109206684
50734430.5002138838 92155.5562518165
50852391.8667998761 98818.3159504980
51015404.5284110606 105404.6363004297
50978112.3827973679 103804.7947751528
50986573.7467134744 103861.7279981375
50643639.2399027199 81901.0367611945
51043856.1127438024 106535.6081875130
51340529.1536585540 113814.8184062189
50708815.1345247775 89099.7126696631
50759591.0096108913 93052.9369243844
51046201.4359121546 106865.2437659747
51165078.2949358225 109872.7669227272
51045205.2159895748 106771.1609936052
50646121.7812275440 82200.8367291018
50779175.1473951116 95524.7627106756
50807809.5243110731 96567.2454566008
50859481.4670496061 99229.9017981961
50796026.4808770195 95965.8975061029
52142251.2755445167 123932.8754834756
71483906.1925166249 158452.4232177734
50728548.6352230012 91788.2276461646
50908157.5663308725 100619.2923495770
51269825.1176561862 112515.0961439610
50651249.0138329864 82407.6889784858
52247906.4954817742 126420.2086548731
50753164.8852084875 92875.9432089850
50960158.2040116638 103286.8444624238
51611020.3834875673 118043.7458861470
50680747.3798585385 85766.1952994391
50824660.8577929661 97008.3802520281
50790960.5949716419 95892.0921956152
51528697.1677011400 118020.3614825308
51284538.2569775358 113106.1195991188
50975256.7895169780 103765.4295512682
50747227.9771887809 92736.2056390196
51096508.7275095433 107449.3887228072
51352264.3156601787 113995.2397013903
53340447.1693538278 134594.5537998676
50734451.6688406169 92191.0213950202
50740333.5338314846 92558.3500006720
50708923.2005013973 89223.1318430230
50682968.6329768673 85958.2598642632
50683056.5309981778 86021.7013451383
50768087.4347514063 93354.8020182571
51451340.3879106119 116856.8479290300
50842560.5596082211 97325.7396323681
51132979.6639598534 108776.1340825707
51378360.9967785701 114418.1788577139
50750475.6156119034 92840.3161126524
50736740.5876768753 92295.1311419532
51065040.2203600183 107142.7174129777
50897490.0839599669 100215.0111238009
51137471.1747480035 109017.3431974947
51044060.3687288240 106715.8553339541
50755923.3157485649 93052.9368862375
50750007.2966570109 92839.4541897043
50629637.0965257064 81480.6423241422
50950120.9264865443 103052.5989925340
50702728.5535146147 88880.2798250243
50830216.1382819712 97090.4270469195
51249537.8775451705 110756.3607000411
50704784.2419487536 88890.0255473182
51156518.7004157156 109533.3298938274
50663949.2471386790 85031.5781630799
50696933.5858736262 88727.9254721925
50612541.4671170712 75065.6467063203
50623496.7499734014 78177.7204762027
50717736.3383070901 89546.7627450377
50935877.4491742179 102625.8875593930
51108116.9331830963 107641.5090307295
51888830.6424903944 123493.9871277735
50835161.0012807474 97221.8629485613
51346427.9942239821 113891.7208059132
51249931.8429980353 110930.9444260888
50681172.9640751556 85813.6229582354
50746759.6582338810 92735.3437160715
51498982.0929278657 117432.4100665152
50707127.5315996706 89078.4949369952
50888904.8525349349 99951.7186154372
51146244.5448328331 109354.2406829000
51215559.5013714954 110567.7329382002
50683177.2123071402 86092.5221198723
50704938.8613321930 88966.1133578345
56512245.1110245734 136817.0877752304
55309569.7423328161 135148.2134160995
50628140.9389536530 81156.6708244442
51068386.7768490091 107199.2172508531
51108510.8986359537 107816.0927567773
50760430.1015940383 93206.1779862365
50686880.0336948633 86174.6286155919
50700820.0707348660 88862.0037386939
50713018.2646928951 89461.2446826026
50946827.7673825547 103023.3669062257
51260866.5126695335 111006.3593324721
50619764.8855082616 77812.9096633717
50634075.3402485624 81663.3174497262
50790997.7648169324 95964.9752847939
50740800.5947231948 92662.4604743049
50966504.1771237999 103612.6744672304
50706701.9473830611 89031.0672781989
50842942.9775209427 98346.8769990057
50884055.8369192481 99877.9869545943
51156806.7345112637 109772.7105694108
51100425.0145180672 107537.5722923570
50674865.5032103509 85597.1317599341
51276643.3798648417 112619.9062252336
50627823.9265089855 81126.7555388138
51323703.0005964339 113472.1912059730
50658885.6745356619 84239.8231681047
50734032.0072557181 91852.0327968339
50942885.0309579149 102845.7435830683
51053432.0146864504 106950.5971050553
51315196.0984510183 113455.1382103257
51433415.5579669103 116294.2093925767
50691606.7789138481 88325.1317233369
50715730.7348514870 89511.2985173613
51150436.6097658128 109448.8977737427
50960231.4974022284 103469.1986171252
51061623.1339188144 107038.6067867570
50700220.8478572145 88846.1959132478
50864034.3070641384 99314.8311996865
50649559.0815548375 82303.0993766114
50712834.6012193784 89439.5005943517
50900907.1704011559 100319.1217500216
51064969.6904078051 107095.1066246324
51180657.8103001565 110149.0230369859
50674082.6168591827 85490.7706656978
51033771.6346260160 106458.4504801333
53122551.1511123776 134119.9971245527
50700037.1843836978 88755.6426444575
51428119.7224249691 114976.6734026968
51041728.7888453975 106499.5331508166
50971839.7030757740 103661.3189250475
51009298.4985221028 104008.2714290910
50894634.4906795844 100175.6458999163
50818309.6677988470 96780.7281531340
51211882.5451849177 110265.6935863786
50963648.5838434175 103573.3092433459
50711854.4616588950 89377.6992055327
50870273.6447575018 99323.9199829176
50687063.6971683875 86196.3727038428
50784571.6404145360 95787.9815693945
50850321.7061923668 98792.8805993646
50925708.2967053950 102081.5626538843
51030354.5481848270 106354.3398539126
51386552.1160109341 114506.1885394156
50799629.5155087039 96140.8153288886
50881200.2436388507 99838.6217307097
51023255.5867755488 105418.6501998765
51374617.9687121511 114050.8476676047
50718900.1413410902 89630.3082221076
50932134.4211077839 102258.5563692837
51205443.4418442324 110208.2713890367
50610728.2971003503 74721.1281762496
50871503.4214676395 99394.7454637587
51212208.4868101403 110528.9141502671
50685899.8941343799 86112.8272267729
51026611.5201184079 105987.0086638033
51030028.6065595895 106091.1192900240
50956488.4693358094 103101.8674270159
50789516.5034133121 95787.9817219824
50906242.6963531300 100367.7662078387
50604381.1683896333 71661.5755563751
50625905.2320605665 80904.8966404274
50608809.6026519313 74700.8358934894
51135085.3760258332 108889.4462757111
55209984.8633134812 134681.0475264192
50898051.5771207735 100279.7565261370
50959905.5557769984 103205.9780532366
50751300.7382109612 92875.9431708381
50872915.7140903249 99566.9259674028
50663168.4233361557 84687.3713380843
50604933.3294593394 74572.4451971427
50856064.3806084096 99125.7911719754
50674266.2803326920 85581.3239344880
50684887.3274252787 86104.0351279303
50611045.3095450178 74741.6752066223
50740131.4888980091 92324.6207068488
50615888.6123156697 77684.5189670250
50637994.6796141490 81766.7061843202
50666919.0113027766 85095.7241610810
50678974.0821390152 85705.4057978913
50714718.1681423858 89502.5064185187
50625710.9852988943 78209.6245194748
50847002.9845672622 98714.2063313574
50614755.7024425492 75097.5507495925
50647142.0206466019 82238.1466159150
50770930.2450818196 93419.6606827697
59303453.9502251968 141140.5580902100
50710841.8949498013 89368.9071066901
50682404.5376246199 85914.5143822953
50773362.9684638828 95017.8592148870
50676773.9859900996 85615.4078462645
50748568.3376877010 92790.2626288459
50659881.1613525674 84612.3639222234
50643190.4243775010 81850.1139067933
50796891.9823964313 96000.2158741220
50732195.2086590976 91823.6920626685
52668294.6879637763 128059.2540596724
50669182.9779178724 85229.8021071479
52888151.9474606663 131278.2163933516
52721955.9160398990 129980.8249443769
50653157.4966127351 82425.9650648162
50665075.9847314805 85060.2597445771
50680217.3688418940 85745.4975739866
50688763.6006178707 86237.6344397590
50643789.6472551674 81919.0605371520
50670979.0183491036 85463.0534934327
50655779.2618829310 82541.2871306464
50650041.1205931380 82320.7875078395
50853429.1089696512 98891.2000467568
69619781.4042235464 153681.6782531738
70827016.0405322015 156690.8234863281
52002679.0401419029 123598.0979981348
50798336.0739547536 96104.3263477548
50873072.7094935775 99700.6817130095
50612028.2673282400 74757.4627754018
50801422.9738964364 96229.1163648218
50661621.4549426883 84678.1571202353
50679413.3814630657 85736.7052500769
52117320.8856824860 123685.0871491358
64216163.8212991431 148862.0248107910
50870280.4424515590 99332.3348421841
50893500.4446649253 99991.7977515704
50822496.5723256096 96876.9443503863
50805645.2388437167 96435.8095549589
52484750.6259605959 127054.6034172773
60908436.8519965485 145570.7728881836
50802867.0654547662 96333.2268384546
50641098.2781242281 81794.4233565852
50790465.8579940349 95823.2221587226
50816484.3194219843 96602.4860459289
50618685.6250963211 77795.3325641826
50655006.5872004107 82471.4929694871
52425797.7326748595 126499.3941412792
50650649.7909553349 82391.8811530396
67622473.7669206560 151943.3450622559
50668583.7550402135 85213.9942817017
58036273.3908158615 137164.8776626587
50777733.3668874204 95117.1287820602
50658567.5399221182 82689.6075047776
51686869.9591477290 119888.4184041768
50678385.0709300116 85685.4335536286
68509029.9276859760 153404.1211242676
69802027.7963280380 155701.0985412598
67244584.1148775369 151305.6549377441
70056967.8901503086 156607.8981933594
71266401.0866742879 157349.2717285156
50621540.0862262845 78046.2568549439
51653355.9445402175 119320.8412787542
51668556.1977386028 119448.6437461004
51613704.9007166699 118897.4658515081
51618139.7325003296 118995.2532320246
60780538.1495585218 141487.4274902344
