50718310.2559186891 57682.7889877562
50775971.6479497477 59637.5236029923
50697570.2977772206 56299.9994155318
58268099.8385552764 73769.0911386013
59211960.1929190382 75136.5110909939
51329040.0662079304 68245.5715253353
50604865.1341570988 50473.1024178565
50623396.9301672652 52596.1030773604
51242613.2934931070 67890.8501641750
51164799.6730173230 67571.2825250924
50924673.6969374344 62855.1146673411
51050540.3050265759 65393.5768233538
50757308.5897628292 59505.1293238768
51554306.2752391398 69201.2012764215
50595088.2100866437 49035.7088134736
50578462.0981858298 44383.3724915609
50646342.8662257940 54273.3070132369
50577544.0022607669 44350.5863787755
50586248.1769365296 46041.5435855230
51361368.4376169071 68392.0900064707
50583718.3861933798 45857.5499809608
50912490.2880401388 62815.5211172402
51151835.1694511995 66027.5108342469
50903509.3291097879 62714.3487593830
51413015.2651885748 68844.1717763245
50726622.1299367547 57882.3985154713
50582854.1604131237 45819.7100184187
50946273.2830375433 63462.4251222014
50822064.8704830706 61125.1976270080
50583248.2037723288 45857.0975893363
50855686.2289783955 61299.1067353189
51002211.5277288258 64330.8548803627
50578906.2357172966 45643.7419736609
51016053.1321607977 64357.6765071154
50657395.7925494760 55630.2167039746
50625989.9198113531 52683.5750098014
50725018.7143331617 57869.7429404343
51968341.1274480522 70496.3384281397
69548143.7776142508 79533.2936830521
72994373.0053434819 82253.4577636719
50686536.1659000367 56241.2597861955
50800903.6710726768 60763.3295070315
51014964.7463503107 64347.0838694870
50938515.3013694063 62881.9362940937
50904098.4513161853 62724.0339116603
50688828.3372517526 56252.5683980882
50582694.4490279406 45757.0261311755
50993230.5687984973 64015.6759383380
50717871.6752606705 57624.3706951496
51019740.1656986400 64419.4371722043
50870199.5604957417 61844.4897643775
50744881.5134325475 59128.8391829366
50576580.4826713651 43063.6694982797
50828798.5116723552 61246.2832942307
50706945.6435606107 57585.0961400572
50690740.5246860906 56268.0814129481
68787018.3177310973 78048.9993534088
50608405.8045742288 50727.9071914637
50789883.5751942620 60525.5166252553
50606370.0673127398 50712.7859236682
72554246.0041174442 81983.2729492188
50970000.9434832335 63805.1350121731
50743602.7702700496 59125.1032454157
50644253.5965074003 54239.6400649184
50728209.6449299902 57886.0398727590
50768576.3585668579 59594.4050439149
69490424.9122786373 79084.1711244583
50720814.3555471078 57842.9213136816
50839449.1855074987 61256.8079886585
50772780.7173529193 59621.2266706675
71954011.7811205834 81680.5983886719
50751192.0435424373 59462.7946822643
50825607.5810755268 61229.9863619059
50890256.9574000314 62710.9690620154
50592693.8619795963 48780.6914101690
50808223.2660510987 61098.3760002553
50729813.0605335832 57898.6954477960
51869586.4274420962 70335.5182987452
50711150.0023466647 57611.9177668098
69753726.0297042280 79568.7869567871
72228635.8476182520 81832.2012939453
70927526.8458979875 81312.0694580078
50875236.2585503533 62185.1687305057
50871917.2665431947 62138.1096870154
50722417.7711507007 57855.5768887186
50709237.8149123341 57596.4047519499
50647892.0626294911 54482.7676985050
50725608.7017475367 57871.8738210434
50684768.5917857364 56222.7988156611
52010219.4059653431 71396.1664310694
50704928.6435060576 57576.2267229561
50755396.4023284912 59489.6163090169
50630301.9884232432 52889.2706014896
50749913.3003799468 59459.0587447435
50577498.5785964355 43096.4556110650
53669589.1804843470 71956.5822353363
69102481.3867918700 78454.1152887344
50754117.6591660008 59485.8803714961
50575531.9263204709 41765.3555560764
50968969.6970014498 63782.0209858567
51021447.3057460114 64494.6963266730
50697603.4279102460 56315.1337498808
50786692.6445974335 60509.2196929306
50722072.6510368362 57843.1230880404
50865058.7411629781 61411.1913307458
50703754.7129637897 57565.8471876765
50707959.0717498362 57592.6688144291
50659429.9145641103 55862.7668428207
51997072.6251439005 71129.4969850779
50805032.3354542702 61082.0790679306
50748001.1129456088 59446.4977499396
50818873.9398862422 61108.9006946832
50798721.8053443804 60748.1235686028
50752205.4717316628 59473.3193766922
50747602.4804974794 59446.3897601003
51704642.9317087978 69940.0732761621
50780382.1144875437 60175.2641936028
52368010.2363811806 71573.4832973480
50677373.3024028540 56179.6802565837
50577942.7161279023 44356.8250931650
60564222.9651898742 77722.3395338058
59437877.0475148931 76101.2018495798
51939495.6837144122 70412.9367433786
52779548.6448932216 71719.4057985544
50700239.1099258512 57481.0074355388
50675380.1882967800 55949.2876667231
58282533.6658669412 74346.6402651072
50606710.5782150254 50715.0695254290
52079184.3187953383 71499.3259617090
51000838.9299917370 64081.1369429300
50996246.1059292927 64043.2807279298
50592586.1148341745 47653.6045507276
50679285.4898371920 56192.2412513876
50683489.8486232460 56219.0628781402
50701842.5255294517 57553.2861928726
50724673.5942192972 57857.2891397560
50679704.9974763468 56216.3741819561
50587517.7010916397 46208.2322619017
50906228.7024429515 62742.4130691821
50638772.4500726983 53990.5096655721
50706046.8843155056 57580.1078196252
50588586.8687932193 47477.2461071461
50590139.6272944957 47560.1004716512
50741690.5828357190 59112.5422506118
50745894.9416217729 59139.3638773644
50720436.1053002179 57815.3331786543
51365083.4696155339 68409.3840713501
50655593.9639620781 54561.9070602361
50700084.0452125371 57229.2819125652
50626807.4227494746 52879.1328503871
50620873.8084028959 52575.0932845557
50616573.6032564789 52093.9126356393
50610498.7915256619 50893.3019942725
50620405.2454323098 52502.7264733845
50592175.3645559922 47597.0767218228
50653681.7765277401 54554.2698769206
50622909.5456643924 52590.2145523513
50622569.0347620994 52587.9309505904
50640806.5720873326 54223.0598044181
50673008.7488750666 55898.4578866744
50596619.7446436211 49060.2412192309
50648539.5257484764 54524.8519503856
50637077.2237134948 53977.6719995374
50633722.8734725043 52919.3388545299
50646505.4037338421 54292.3018115396
50594173.2571039498 48948.8407921549
50643315.7045141831 54237.0437651360
50652743.8845345303 54551.6735771382
50867313.7659648582 61807.9468041066
50639111.3457281291 54210.2221383834
50634540.3764106110 53003.5061256671
50598608.2328134403 49215.5302004218
50618839.6863882616 52342.5431457097
50618607.7252711132 52337.9710514247
50617221.0663754642 52257.5433700830
50644471.2716589421 54263.7238210225
50624294.6934521571 52670.7373437667
50623647.2303331792 52628.6530918861
50588569.0661952570 47283.2898505684
50606077.2606920823 50497.8590224236
50593729.1195724756 48781.7356459256
50612303.6816593185 51001.8276617313
50610158.2806233689 50891.0183925116
50587065.9682810754 46054.9384763688
50606196.9711323902 50641.0584933460
50860136.4382021278 61316.5171730816
50614396.6686107442 51182.2202923084
50600802.0013134554 49243.4468434537
56032163.9362874553 73221.3948593047
54607075.9198903143 73039.2051948216
50611653.9848610014 50895.2235764796
50600858.9837764502 49344.1654403526
50600407.9579542577 49238.4736880744
50611883.9393134341 50973.8247856880
50608463.0542641655 50878.1807264769
