50858638.8781185895 119175.7156643664
50794598.8433870897 114037.9453229014
52088323.4520044774 147110.8702539541
51352816.9911821857 131662.5426864440
50686487.2844013423 103211.0401293579
50690937.9745450169 103480.3046581615
50690593.8992724344 103236.1790202036
50695711.4769368321 105623.7883095867
50854626.6388425231 116813.9564132396
50955805.3982942179 120791.0955421398
51162767.7483523041 127752.9085803595
51203001.6872059032 128290.4475916126
52657847.1708471850 152390.2735476522
59234771.2082277089 166226.5759358779
58991592.0983323082 163123.9940879717
50650178.6594084650 98890.7041401193
50748378.4925661236 110371.0923428068
51338975.3867502213 131635.8585896904
52694434.7091705576 152782.1772503853
51278871.1546415463 130560.0257207619
51647839.9083659425 139332.7358299954
50676855.3238600492 102227.4525860418
50720943.8062051088 109391.1074217383
50719782.1559724957 109208.1708586041
50694816.9650195241 105620.2128455164
50713790.1156530678 107020.6143308076
50779906.7695623338 113345.4392119831
50918636.2158792093 119895.4195076529
51265029.5502095744 130521.7496749868
51547002.0163514242 137001.2700177338
50654352.7693299875 99117.4914135262
50674567.6237036064 102130.1077884827
50719782.1559724957 109270.1234953228
50897820.0228284448 119396.0439560998
51212378.6649998352 128345.3083540522
50855579.7097448632 116922.5002454486
50897771.0783157349 119367.3216088631
51216251.8234530687 128378.1538077914
51162597.3308373243 127724.0955899590
51579735.0347479731 137392.9301845431
52694434.7091705576 152781.6289105415
50654563.6412894875 99129.1354051158
50690661.3943228647 103419.3740069214
50742213.1744789481 110268.9094564877
50751310.4329687133 112217.0209931612
50802850.9985048249 114090.6024466970
50965133.2544555217 120830.2130958508
51183518.8050565198 127998.0142932502
50678741.7336251289 102356.8950618897
50769707.3569444120 113189.4426116365
50794598.8433870822 114037.8520001475
50912630.5326095968 119620.7993079279
50912630.5326095968 119603.8820715997
50946294.9393830001 120620.0144226826
51037553.5605539083 124258.6033390740
51552703.0406824648 137263.5893031955
51431166.9144165292 134574.3455960155
71767763.1800331771 196004.4342041016
52882392.3328160718 155797.5842010975
50732595.2403862327 109740.8769123516
50848316.6548721790 116638.3313014511
51839446.1586122736 143467.8777643666
52671318.1130707934 152516.7171111135
50748378.4925661236 110432.9534878263
50694816.9650195241 105620.2399298670
50848316.6548721790 116618.1538112167
50897820.0228284448 119379.2011826623
50731433.5901536345 109559.9937374554
50708206.2760910913 106501.4543996248
50713790.1156530678 107020.6414151582
50826860.3883749768 116067.7841032000
50854481.9729593471 116706.6297569279
50748378.4925661236 110371.0008511076
51344869.6043297201 131648.0653352003
51382748.0000289157 132696.5068546534
50814126.1121663302 114161.7558123938
50891605.7602285594 119258.9837741174
50897771.0783157423 119367.3546746590
50941291.2715284452 120490.1027896400
50734619.2823624611 109767.3705381808
50738179.0799482167 110198.1758205853
50773741.4514751658 113260.0829247850
50784511.0870559216 113401.6617533904
50778282.3186272010 113264.6271184855
50950168.0978362337 120637.4917412959
51087550.7355537787 124778.2892057140
51075568.7738614529 124659.3421645173
73064663.3732907772 196033.1494140625
50738179.0799482167 110198.0843288861
50681430.4941543117 102369.9963482562
50719205.9293146580 108797.7742132237
50907147.8789897561 119420.1504014123
50941291.2715284303 120427.8625552650
51011393.3782648295 123417.4030843372
51352816.9911821857 131662.6453475768
51616484.8035102263 138202.2580871652
61862815.0946297646 171884.6136064632
50750734.2063108757 111806.5328560816
50927964.0720405355 119919.5259529654
50971023.2646598667 120927.6746877232
51046881.4167152271 124283.9893254021
51719391.0255055875 140174.4170816131
50719205.9293146580 108859.6353582432
50847545.3825008199 116407.9160759225
50907001.8623384759 119400.8821778496
51068659.3215892017 124436.2224953611
51450058.3283811063 134916.4138987660
50683454.5361305326 102499.3656768743
50789015.0038251281 113492.1201376025
50828022.0386075750 116146.2726473922
50907001.8623384833 119417.7249512871
52614821.5818673447 151518.2241194099
53240785.1280324608 156462.7441501197
52079570.6555734798 146452.8410922512
52118219.3485630453 147125.4499470219
51216081.4059381038 128365.5157441487
50897771.0783157349 119350.4788354256
50732595.2403862327 109678.9242756329
50833025.7064621449 116193.6004959793
51500889.6312535256 135770.7899830891
50640340.3452891186 95137.6327074468
50764123.5173824430 112668.5057639498
51190635.0180133209 128199.8049371080
51175412.0870995522 127871.2324643682
51618325.2857674733 138290.5406160653
50684233.4164063781 102897.0660915319
51118523.3219747022 126926.6575930449
51054817.7171572223 124398.0821547517
53226110.3251246437 155939.4280474540
51519781.0452180952 136112.6922853542
50636748.1419096068 94299.1367286146
50979711.9425662607 121368.1662678635
50640340.3452891111 95137.5549791753
50695978.6152521297 105822.6434577229
50719205.9293146580 108797.6827215245
52685159.7175027654 152565.8936276911
66599973.1738644317 187681.6387529373
50655502.7388306931 101287.7465144768
50645557.4371443391 98379.2916062474
51143075.6567670703 127410.9500576466
51487048.0268215537 135732.5297992090
50980176.8510030732 122285.9585254536
51519781.0452180952 136112.7656801296
53332096.4759253189 156884.6629838794
52696085.2936495095 153624.3919191211
52685159.7175027654 152553.8024001596
51519781.0452181026 136124.1864259792
51015042.4514511004 123672.1607467060
51500889.6312535256 135770.7931311680
50644599.0960109308 98040.0465735793
50994007.3690245673 122440.6916667095
50700222.4327623099 106003.6767761279
51020997.5821262971 123700.9323699427
51817668.2537383065 143308.3837471320
51825604.5541803017 143429.6125230510
51479111.7263795510 135611.2171393365
50842353.5626234710 116200.8311020584
51302568.4305564687 131379.6484579751
50762694.4920390546 112256.8735947357
51684421.3285749927 140040.3111270964
50842353.5626234710 116217.6738754959
52671318.1130707934 152528.7991887210
52603896.0057206005 150649.1203673361
50762694.4920390546 112256.9066757904
51033084.9608348534 123799.1733407802
52854543.6991255879 155243.4468679903
52685159.7175027654 152567.0462356089
50762694.4920390546 112240.7434677826
51284235.1603146344 131130.8612378472
52663381.8126287907 152416.5985837614
50717332.7054647356 107037.3368097115
51352816.9911821932 131674.1298446471
51858337.5725768581 143809.7930060849
52186248.2136325464 147551.1484058660
51423219.5275640637 134559.8646651553
51881141.7497052476 144163.2244844660
51338975.3867502213 131624.2714841423
51825604.5541803092 143429.6859178264
51717500.5796848387 140117.9266970134
63085417.5132195801 179334.2905006409
51839446.1586122811 143467.9804254994
51189242.6051210463 128009.1508367098
71024038.9827600271 192431.0828247070
51338975.3867502138 131624.2714314872
52085486.3301665038 146718.1794646513
51328010.8267901838 131621.0793723172
51665734.0909836963 139643.9935875256
50683243.6641710401 102391.1451661531
51344869.6043297201 131648.0653067997
52367228.8960320428 150254.1848233342
51415068.0007077083 133812.1494883606
51360074.2322694734 132263.6146299161
51623094.6303089112 139224.4032732360
51825604.5541803166 143451.6271714885
51858337.5725768581 143809.8664008602
51831498.7717598081 143453.5111812390
51365968.4498489797 132287.3351388538
51127400.1482824981 127089.9530158522
52677212.3306502998 152552.1937215505
51264930.7908729240 130060.4156794855
51035793.5081553236 123933.4207564717
65626596.5216479674 182577.1853523254
51139439.8545422256 127110.7862936663
52048937.7511710227 145856.8788443711
50713782.0538613796 106517.9112838153
50706711.9947813451 106168.9704309828
52332690.3436908722 149692.1589187980
52078458.1233143136 146345.2039852459
51142747.6247403473 127203.4687525560
52078458.1233143136 146345.1013851482
51422336.3282054663 134313.5532878366
51149042.3356561065 127629.7824740328
51487048.0268215537 135732.5297466563
51183348.3875415474 127985.3555997246
51243560.5761026368 128764.0878660001
52677212.3306502923 152542.4691581409
51395899.4586957023 133383.5022444475
51446493.9193216190 134608.5479680804
51665734.0909836963 139655.4877281506
51659839.8734041974 139620.2751356363
58816851.4976361245 162480.8488087654
51235275.6560501978 128430.0244657868
51106204.3233171403 126352.7872561661
51023706.1294467598 123749.4940676493
51771231.0973602384 140622.0768600628
64181097.8506630883 179365.5543413162
50955622.7955443189 120644.1209900654
50938709.8364167958 120395.7972576111
70844160.7753771096 192416.4223632812
51776300.8259092197 141510.6344171493
52085040.4240608886 146638.9617380323
54527543.7478022799 161917.7479686737
51651903.5729621947 139498.8890110846
51260049.2116308808 129278.9969160738
71697883.9392066747 194727.2274169922
50938709.8364167958 120333.5897533386
51033084.9608348534 123799.2747812099
51012333.9041306227 123599.5317392177
51651903.5729621947 139510.3831517096
50928671.3598763868 119934.6079137116
60577632.0034061149 169846.9494171245
52084545.8674271330 146455.3563473821
50938501.8974206150 120072.9123864169
52601726.8418867141 150479.3828061074
52064627.6052928120 146205.7840742889
51981248.3849748150 145503.8852417171
51659839.8734041974 139620.2278028727
50938709.8364167958 120333.6493389099
50938709.8364167884 120333.5570232361
50929833.0101089925 120061.4275877471
52072563.9057348147 146321.3076363746
59058913.9080704004 163593.9297242761
69056224.8095354587 188072.9505615234
52028665.5136914626 145769.6402583647
51012333.9041306227 123537.9133310145
51002276.9863039777 123389.1695247246
71216842.4594275951 194213.2366943359
51798133.9222647995 141871.3206001371
52072563.9057348147 146321.3810006324
51659839.8734041974 139620.2017408609
52819005.9844168648 154782.6088321805
52208579.3364827931 148746.6092988849
69356006.2831091732 190435.6592025757
66296103.4858126342 185424.9558715820
69820621.1764793247 192238.2844238281
71090649.7673367262 194175.1427001953
53052953.7836244702 155826.5498827100
52819005.9844168648 154795.9577091336
60044016.9836604148 169152.2553045750
54133056.2473095879 159057.0192699432
54527543.7478022873 161936.5117015839
71693462.3776838183 194724.6383056641
52249232.8967185691 149228.1263295412
52328518.0960478857 149509.4800724983
52688998.0406539813 152605.6165562130
52688998.0406539813 152628.6344740845
52656265.0222574398 152248.7242348052
51673063.4914357290 139808.4335941002
54050724.6971374601 158873.1029066181
51817097.0267835781 142257.6187206756
51609136.2424776107 137617.6007363218
51973448.8949886933 144886.7149273902
69278347.3262880147 188393.6586303711
58193059.4896842986 162000.0957870483
57918592.4707141146 161952.9938049316
61085510.5061069578 170692.5556335449
59625466.4408685863 166735.4469757080
