50719068.5499980748 58048.7327152276
50796226.1397961676 61136.5604337901
50758151.6219638512 59621.2266706675
50905405.8283761293 63904.0740340585
50583338.9699017778 47297.7894056067
50748096.9537993148 59566.3386752605
50786171.4716316164 61081.6724383831
50748849.3588093743 59581.8432533974
50892283.8764480799 63795.4802775020
50828103.4405395091 61875.7741791904
50749593.1113713756 59594.4050439149
50791128.2354277298 61123.9986432726
51143551.4779781178 67411.4167172909
50574406.0478605628 41624.1779499501
50927119.8348786160 64376.8551511019
50918802.0105309263 64010.7739311457
50573487.9519354999 41591.3918371648
50574850.1853920296 42884.5474320501
50775242.9982847050 60747.7169390554
50786923.8766416758 61097.1770165199
50597197.3296663985 49066.0184876407
50673618.6822893396 56299.5209709043
50591984.8395112306 48798.0298234355
50599699.4249188527 50429.7832585424
50609040.6392869428 50883.9579948867
50884314.8376651555 62974.8736149073
50683234.6865313277 57511.3711732775
50679857.7314537689 57217.7512506396
50607288.1632377952 50731.4718744243
50620803.9303066880 52549.4113816703
50613215.1919877455 52247.7227657884
50729941.0644076243 59116.1819129819
50849858.9970429987 62761.6170573533
50601792.4118702859 50604.4015682787
50781093.3076632023 60775.7833077097
50694448.2074930668 57814.8548484677
51330653.4400205910 69322.7994306087
50870473.2332331836 62948.0519881546
50671065.2079964429 56205.1200460577
50744513.5041983873 59490.8610509187
50647845.6832378358 54555.9344199293
51098841.1072843075 66254.3714119494
50595695.8866049647 49041.3673631102
50667440.4253536463 56201.4802692467
53536673.1255620718 73902.8327717781
50671644.7841397002 56228.3018959993
50795212.7116069421 61126.0357393622
50583196.4666157812 46027.2032405557
51109064.3051123470 66375.5164010525
50604841.6756981239 50629.5525986310
50588281.3899446651 47542.1588905081
50787471.8667367920 61113.3785838485
50666772.1631867439 56177.3079717988
50740923.9411534220 59474.4561287547
50600039.9358211532 50444.0032702815
50706438.9863660783 57975.5272877961
50799417.0703929961 61152.8573661149
50764439.0195453018 59677.1879918808
51134314.5143060312 67166.1675525904
50653524.5202103779 55643.2396855354
50691866.5465753078 57814.8547340268
50695510.5130191669 57855.5783726359
69857264.6033004522 82253.4577636719
50784284.2382600307 60792.0802400345
67627131.8048423380 80381.7924194336
68335246.3540729433 81312.0694580078
50668483.5470786914 56205.1199316168
51024915.0039768070 65937.5992441475
50738223.2416834906 59171.0700228298
50589579.8743835092 47616.4469223339
50589420.1629983187 47613.7530078162
50817646.3695105761 61339.2922969162
50664190.5022689924 56177.3078573579
50689436.7659546286 57730.7873903150
50671375.1544209346 56206.5110871255
50668394.8610550463 56204.1294841105
50699320.8284460232 57865.8487726683
50585768.7505224645 47317.0365060195
50980391.4682962447 64553.5657210648
50771297.0451117232 59719.6065469170
50661760.7216483057 56093.2405136460
50631001.6854016706 53939.3011993021
50694771.3495461047 57826.3254485810
50649211.1262360662 54582.6025131280
50672472.6795448586 56232.1959672058
50986024.3142230362 65443.2167564631
50700148.7238511816 57869.7428438747
50576495.4459098652 43048.5509786513
51191748.3594898731 67860.5534673035
50891259.3508139402 63064.2532511055
50718334.1966569051 58013.9469347829
50711077.1971980855 57989.6917590350
52143701.6700466871 71698.4383444786
50695116.4696599692 57839.0271459157
50772207.4175714329 60175.2641936028
51277100.4663588777 68926.7504804134
50618094.2292757258 52356.8691781908
50636287.8366292566 54197.7137440592
50591984.8395112306 48798.0298234355
51242602.2070826441 67864.4593858942
50626383.9631705582 52704.4042920852
50611406.0529233441 52059.5779878050
56003014.5630163923 75204.1599507332
50922810.8904467300 64013.7307423353
50615320.8073454499 52303.3093708605
50584257.0658268332 47314.6306388602
50731077.8952862695 59166.1994794756
50649122.4402124286 54581.6120656217
50812251.9065174982 61316.1188114434
50830713.3126619384 62172.4607500285
51051468.7965800390 66038.8514662981
50685270.4237928241 57530.2076510340
50644918.0814263746 54554.7904388690
50942593.4970536828 64393.1520834267
50586009.5418759808 47461.6814809069
50657594.3794865012 55894.6263021380
50674828.2589009255 56309.1216882849
50761342.5525606871 59637.5236029923
50719885.7471680567 59112.5422506118
50659763.0010110661 55902.6114511341
50810978.4856864661 61229.9863619059
51383761.1086039171 69406.1845071316
50595029.0870710313 48966.4147027582
51521346.3819217384 69522.3849792480
52006803.6722766533 71626.1559777260
50702504.3032072484 57946.6685649538
50838777.3818118125 62176.3794815838
50628782.1573387757 53702.8991853148
50740578.8210395500 59462.0023280764
50996185.7852444053 65493.0114299059
50947905.9524593726 64496.6960764229
50601681.2920355350 50447.4653321356
51815818.2223895118 70495.5053305626
50996234.7297571152 65559.4180194139
50611022.5064036250 50910.4204315627
50582290.4135508612 46024.3881197032
51037627.1921480671 66012.0298395455
51721966.1168987677 70066.9032921791
51001836.2247980237 65649.5967608690
50660540.7865098789 55919.2645323277
51736571.0074641779 70193.7131524086
50639365.0803689286 54275.7485460192
50615197.0591044277 52265.4048393816
50974480.6604419872 64512.8311580718
50644524.0380671844 54533.9611565853
50648728.3968532383 54560.7827833379
50655558.6422250122 55875.7898243815
50652181.6871474534 55574.4300531298
50637329.3431074321 54256.9120682627
52155865.2236019447 71825.2482047081
50634252.0993677601 54178.8772663027
50642488.3008056879 54518.8398887897
50611363.0173059106 50912.7040333236
50654741.1392868981 55678.2664560229
50739641.8347533345 59180.8362061167
50614673.3442264646 52261.2251189798
50592812.7349163890 48812.4683586490
50592812.7349163890 48812.4683586490
50768833.3454081789 59677.2959817201
50633434.5964296535 53981.3538979441
50580824.0241886750 45842.8343851790
50678280.2126769200 56322.7122356354
50593737.3155603781 48958.4281214327
50667351.7393300086 56200.4898217404
50675173.3790147975 56321.5754889632
50641840.8376867101 54476.7556369090
50615714.8507046327 52320.4234431833
50663147.3805439547 56173.6681949878
52125522.5282945037 71660.7317252159
50602910.0532067195 50606.3968127817
50641023.3347485960 54281.1977963233
50674487.7479986399 56308.4423033381
50651269.0177070498 54598.9687504554
51242613.2934930995 67890.8501641750
50763603.2206316665 59677.0261412049
50827593.7131488770 61854.8021830255
50603774.2789869681 50622.0836418718
50597537.8405686840 49078.9271699870
50830260.2768149152 62144.3943813741
51863697.0066443682 71452.4653759003
50745194.5585789308 59563.5463290960
50591894.6389913261 48792.9142223448
50605773.6858733669 50629.6902073473
50618571.2213115469 52542.8854378611
51841518.7856599241 71408.2366065979
50843773.3016789928 62410.9579961533
50739826.4160294905 59446.4977499396
50757138.1937746331 59610.7019762397
50695027.7836363241 57838.0366984094
51673178.1152173728 70029.4691333771
50690823.4248502702 57811.2150716567
50810853.0673975050 61201.3515130281
50705956.2569832355 57957.9856135696
50701751.8981971815 57931.1639868170
51958306.3683912009 71464.7377128601
50889931.9218075648 62991.9709105790
50672575.5605642945 56295.8813085342
50676779.9193503484 56322.7029352868
50641670.7978675812 54323.2820482040
51571742.8196774051 69522.3852164745
51142244.0603839755 67201.5616427660
50980980.5905026346 64579.5870142281
50623303.5890235826 52611.0438346351
65702402.3518328667 78048.9993534088
50589949.1022497416 48786.4620610327
50845933.4040057138 62427.6615580255
50614332.8333241716 52249.7180102915
50616058.4920142293 52338.0327004343
51093915.2830862179 66138.8396997750
50606370.0673127323 50712.7859236682
50617753.7183734328 52345.3620695025
50630875.1442902014 53877.5174950510
50868132.0915679708 62865.1610503495
50626724.4740728438 52706.6878938461
50591066.7435861677 48788.4573055357
50612637.6069649681 52242.3886412233
50841625.9163620025 62316.8916675383
60315231.2378000394 77367.7393188477
65771289.9880003780 78421.3514099121
50823286.2255051658 61744.0322925383
51245540.8953045681 67920.5203552246
51228771.6890611276 67864.0285374224
53725977.5101517960 74064.0071389675
50916460.8688657135 63927.8829933405
50606016.5667244941 50650.8299399223
50599121.8398960829 50424.4491339773
51671773.3340550289 69808.5523306131
50576920.9935736656 43099.8800361902
50651916.4808260351 54641.0530023361
50623306.7194308862 52626.3694901252
51178609.7759920135 67590.8120667934
50900324.9097515419 63796.1107810140
50628967.5633870363 53706.7510604560
50603737.9486118704 50610.8537295908
51362031.3313539177 69323.2929894924
50577365.1311051324 44369.5583094507
50578283.2270301953 44386.3995427042
50610986.1760285273 50899.1905192817
67407657.3187688291 78678.2358703613
51164799.6730173230 67571.2825250924
50595088.2100866437 49035.7088134736
50578906.2357172966 45643.7419736609
50625989.9198113531 52683.5750098014
50576580.4826713651 43063.6694982797
60564222.9651898742 77722.3395338058
59437877.0475148931 76101.2018495798
50606710.5782150254 50715.0695254290
50626807.4227494746 52879.1328503871
50620873.8084028959 52575.0932845557
50610498.7915256619 50893.3019942725
50622909.5456643924 52590.2145523513
50622569.0347620994 52587.9309505904
50596619.7446436211 49060.2412192309
50598608.2328134403 49215.5302004218
50624294.6934521571 52670.7373437667
50623647.2303331792 52628.6530918861
50610158.2806233689 50891.0183925116
50608463.0542641655 50878.1807264769
