50584281.5202587172 46028.4328973889
50702504.3032072484 57946.6685649538
50838777.3818118125 62176.3794815838
50628782.1573387757 53702.8991853148
50740578.8210395500 59462.0023280764
50744783.1798256040 59488.8239548290
50996185.7852444053 65493.0114299059
50947905.9524593726 64496.6960764229
50601681.2920355350 50447.4653321356
50667440.4253536537 56201.4802692467
50753947.2631777972 59594.4050439149
51815818.2223895118 70495.5053305626
50996234.7297571152 65559.4180194139
50611022.5064036250 50910.4204315627
50582290.4135508612 46024.3881197032
51037627.1921480671 66012.0298395455
50692323.7181768492 57811.2243720054
51721966.1168987677 70066.9032921791
51001836.2247980237 65649.5967608690
50586009.5418759882 47461.6814809069
50660540.7865098789 55919.2645323277
51736571.0074641779 70193.7131524086
50738145.6771812811 59152.7698374623
50584904.5289458111 47285.7753283456
50639365.0803689286 54275.7485460192
50679857.7314537838 57217.7512506396
50657594.3794865087 55894.6263021380
50584782.9387481511 46150.6064628288
50776419.9969372228 60681.3103495473
50615197.0591044277 52265.4048393816
50974480.6604419872 64512.8311580718
50588281.3899446726 47542.1588905081
50644524.0380671844 54533.9611565853
50648728.3968532383 54560.7827833379
50655558.6422250122 55875.7898243815
50687059.4439422563 57263.3332262776
50601985.4725627303 50447.7425285429
50652181.6871474534 55574.4300531298
50637329.3431074321 54256.9120682627
52155865.2236019447 71825.2482047081
50674828.2589009330 56309.1216882849
50634252.0993677601 54178.8772663027
50818155.3072729185 61328.7760813981
50852243.9341156110 62761.6170573533
50662041.0798364505 55921.6606180280
50642488.3008056879 54518.8398887897
50615537.5700067133 52276.9119480699
50940796.3632350191 64019.3901635408
50611363.0173059106 50912.7040333236
50654741.1392868981 55678.2664560229
50739641.8347533345 59180.8362061167
50614673.3442264646 52261.2251189798
50592812.7349163890 48812.4683586490
50592812.7349163890 48812.4683586490
50768833.3454081789 59677.2959817201
50633434.5964296535 53981.3538979441
50580824.0241886750 45842.8343851790
50674075.8538908660 56295.8906088828
50678280.2126769200 56322.7122356354
50593737.3155603781 48958.4281214327
50667351.7393300086 56200.4898217404
50675173.3790147975 56321.5754889632
50641840.8376867101 54476.7556369090
50615714.8507046327 52320.4234431833
50602021.8029378206 50458.9724408239
51194309.2963477224 67727.0509431362
50663147.3805439547 56173.6681949878
50632570.3706494123 53884.8468641192
50894262.1813034564 63490.3835010165
52125522.5282945037 71660.7317252159
50690436.3990198150 57556.9531489155
50602910.0532067195 50606.3968127817
50719830.3542289585 58042.0133034373
50785711.2509002164 60775.7833077097
50641023.3347485960 54281.1977963233
50674487.7479986399 56308.4423033381
50651269.0177070498 54598.9687504554
51242613.2934930995 67890.8501641750
50792021.7810101062 61109.7388070375
50763603.2206316665 59677.0261412049
51277100.4663588852 68926.7504804134
50687446.4697727114 57517.5951490188
50607288.1632378101 50731.4718744243
50827593.7131488770 61854.8021830255
50698222.9831777513 57851.6907810802
50686340.1690652072 57263.3140733242
50603774.2789869681 50622.0836418718
50597537.8405686840 49078.9271699870
50738202.9740884975 59156.9055515910
50830260.2768149152 62144.3943813741
50601157.5771575719 50443.2856117338
51863697.0066443682 71452.4653759003
51126917.8092552871 66214.5998519957
50745194.5585789308 59563.5463290960
50737720.2447056547 59139.3638773644
50831567.1718785688 62148.9964987934
50758151.6219638586 59621.2266706675
50591894.6389913261 48792.9142223448
50576379.2471440583 42855.1256144792
50605773.6858733669 50629.6902073473
50790525.6234380528 61081.6724383831
50618571.2213115469 52542.8854378611
50644918.0814263821 54554.7904388690
50712524.4135637954 57959.1316659807
50689717.1241427660 57556.9339959621
50728897.9426825941 59112.5422506118
51841518.7856599241 71408.2366065979
50662329.8776058406 55978.1103544021
51398108.0293274000 69406.1845071316
50774926.3796119392 59700.3699562633
50843773.3016789928 62410.9579961533
50739826.4160294905 59446.4977499396
50752451.1056057513 59566.3386752605
50921358.8289941028 63940.5402632952
50761342.5525606945 59637.5236029923
50814169.4162833020 61246.2832942307
50757138.1937746331 59610.7019762397
50695027.7836363241 57838.0366984094
51673178.1152173728 70029.4691333771
50690823.4248502702 57811.2150716567
50810853.0673975050 61201.3515130281
50705956.2569832355 57957.9856135696
50701751.8981971815 57931.1639868170
51958306.3683912009 71464.7377128601
50889931.9218075648 62991.9709105790
50672575.5605642945 56295.8813085342
50676779.9193503484 56322.7029352868
50641670.7978675812 54323.2820482040
51113638.3618059829 66185.1007471383
50743018.7898308933 59474.4561287547
50724034.7130150199 58068.8349301899
51571742.8196774051 69522.3852164745
50605469.5053461716 50629.4130109400
51142244.0603839755 67201.5616427660
50980980.5905026346 64579.5870142281
50873030.0516963601 62877.8183203042
50600817.0662552863 50431.7785030454
50602542.7249453440 50520.0931931883
51107756.8875181898 66165.6613265276
50714215.0508340672 57975.4192979569
50795212.7116069496 61126.0357393622
50623303.5890235826 52611.0438346351
70316982.3591367453 82098.2506103516
65702402.3518328667 78048.9993534088
70829759.4135258794 82253.4577636719
50589949.1022497416 48786.4620610327
50845933.4040057138 62427.6615580255
50614332.8333241716 52249.7180102915
51217396.8104977384 67773.8525375426
50811100.8690593019 61229.5797323585
69040824.0901715904 81312.0694580078
50616058.4920142293 52338.0327004343
51093915.2830862179 66138.8396997750
50606370.0673127323 50712.7859236682
50617753.7183734328 52345.3620695025
50630875.1442902014 53877.5174950510
50868132.0915679708 62865.1610503495
50881973.6959999427 62891.9826771021
50626724.4740728438 52706.6878938461
57635481.3030150086 74233.0433175564
50784215.0933281630 60747.7169390554
50815305.2278453559 61256.4013591111
50650969.3063691556 54560.8025004650
50591066.7435861677 48788.4573055357
50612637.6069649681 52242.3886412233
50841625.9163620025 62316.8916675383
60315231.2378000394 77367.7393188477
65771289.9880003780 78421.3514099121
50823286.2255051658 61744.0322925383
51245540.8953045681 67920.5203552246
50941965.1738043055 64062.9442363083
51228771.6890611276 67864.0285374224
53725977.5101517960 74064.0071389675
50916460.8688657135 63927.8829933405
50799417.0703930035 61152.8573661149
50788902.1814970523 60792.0802400345
50606016.5667244941 50650.8299399223
68931048.1134323329 79443.6069154739
50599121.8398960829 50424.4491339773
51671773.3340550289 69808.5523306131
50941717.3721425012 64034.7160169780
50576920.9935736656 43099.8800361902
50651916.4808260351 54641.0530023361
50623306.7194308862 52626.3694901252
51178609.7759920135 67590.8120667934
50900324.9097515419 63796.1107810140
50628967.5633870363 53706.7510604560
50886871.6561283320 62904.6399470568
51360737.4915831536 69192.1773431301
50603737.9486118704 50610.8537295908
51362031.3313539177 69323.2929894924
50577365.1311051324 44369.5583094507
50578283.2270301953 44386.3995427042
53648793.3710095659 72762.6799600124
50610986.1760285273 50899.1905192817
50851996.1324537992 62733.3888380229
67407657.3187688291 78678.2358703613
50833656.4415969625 62160.5294630229
51521412.1826134101 69522.3849792480
59211960.1929190382 75136.5110909939
51164799.6730173230 67571.2825250924
50595088.2100866437 49035.7088134736
50578906.2357172966 45643.7419736609
50625989.9198113531 52683.5750098014
50576580.4826713651 43063.6694982797
50575531.9263204709 41765.3555560764
60564222.9651898742 77722.3395338058
59437877.0475148931 76101.2018495798
58282533.6658669412 74346.6402651072
50606710.5782150254 50715.0695254290
52079184.3187953383 71499.3259617090
50626807.4227494746 52879.1328503871
50620873.8084028959 52575.0932845557
50610498.7915256619 50893.3019942725
50622909.5456643924 52590.2145523513
50622569.0347620994 52587.9309505904
50596619.7446436211 49060.2412192309
50598608.2328134403 49215.5302004218
50624294.6934521571 52670.7373437667
50623647.2303331792 52628.6530918861
50612303.6816593185 51001.8276617313
50610158.2806233689 50891.0183925116
50611883.9393134341 50973.8247856880
50608463.0542641655 50878.1807264769
