50694591.5589594766 89229.6857709363
50863323.8081082478 99907.8833937435
50915577.3289766312 102292.2886404097
51022913.9042074606 106598.1266915426
50806423.3980085850 96827.8133730679
50998662.7594663575 105552.1114668637
51039565.7842760757 106724.7889920718
51201465.9918426350 111312.4687680565
64673968.0105337724 160949.8376464844
63416348.4709783569 157467.3036804199
53059770.9183351249 136605.0413970947
50780875.4679036960 96173.1958811074
51297702.6694959104 114238.6926755272
50758226.5091250166 95017.8590222448
50932486.3638473749 102815.6428511739
51232413.1955141425 112346.4616829976
51062700.0605842918 107425.7340791172
50809929.9583058208 96859.9196859896
50818004.5149164051 96886.7058910227
50926429.0138175562 102775.5098213777
50768979.0834692717 95603.4373544306
50772086.4862465560 95701.7568018227
51413542.9815924540 117164.9142026268
66654717.0472287983 162623.1960449219
51277933.3011606261 113696.5672776646
50747137.5048084334 93157.0470089181
51034007.7734254748 106708.1914229989
66829888.1605523005 163215.6386718750
52121840.1672241539 128707.2897785902
54556144.1932228729 139957.1019401550
51054318.9620329291 107324.0302258974
52960419.1155861244 135760.4637126923
52131702.5636882558 129011.8653163910
50754431.7129227892 94546.2897024229
50944000.0927944779 103378.5333591998
51578029.5214229450 120790.3729542494
51974972.4378651455 127287.4694126844
52797589.3356271386 133672.6740016937
50617538.4102432579 80526.5369365588
50912070.7686793953 102260.1823274880
51105615.7675151974 108950.4248013124
50848302.9385535643 99438.0680391579
50864849.2483016625 100023.0466428846
50891896.9891858175 100619.1478740221
50908963.3659021035 102161.8628800958
50641937.0294295177 84544.1947570071
56699290.2081505954 140940.3540344238
50853892.1323992535 99553.2312882990
50763245.1341996118 95114.8095091432
51116572.8834176064 109420.2401558980
51692537.8213307485 123606.2948011719
50928051.5320637077 102775.5101418123
51289321.5709445551 114158.0369170904
51237222.6058317497 112565.5861620693
58483837.0644601882 145176.2404479980
50939008.6479661241 103245.3254963979
50913693.2869255543 102260.1826479225
50919920.4818045124 102631.6782346815
50987705.6435639486 105082.2961122780
50602389.8550113440 77358.1239708364
50957162.4597831666 103757.8585731036
50847363.6700215489 99338.1248670667
51533683.4790208489 119829.5996502638
51223788.8996456489 112168.7364229946
51988699.7579304352 127326.1054897308
50789572.0645266771 96386.6785776406
50924650.4028279707 102729.9980025082
50657877.7677523270 85429.9499103352
50783047.5753081962 96181.4286492914
50836406.5541191399 98868.3095124811
50845415.1707701981 99001.9093488306
52505994.7197600454 132930.7109127045
51597410.2525193095 120894.4828175306
66649289.7538254932 161927.3671875000
52084658.4018213153 128022.2434902191
52383400.1677588150 131074.0369625092
60410969.1820290610 153265.6086425781
50610247.3682482243 78110.9098125249
52886351.7009933963 134801.8421993256
52967153.2032484114 135895.7893543243
53140022.8412108719 138207.1821651459
50793078.6248239055 96418.7848905623
51745086.9405182377 123846.1996601820
50685067.0345736071 88716.1436128095
53456557.8169315383 139421.0061855316
66624754.6825883761 161700.9323730469
52989232.4315386191 136598.8955287933
50803315.9952312931 96729.4939256757
50622737.3943660855 80982.3409035802
52849946.1469687521 134127.9283657074
62328300.7730816081 153799.0057067871
50757438.2375637442 94967.0489610285
54057858.6736189947 139625.5328826904
50662864.9331854135 85554.0457892939
51779561.6573150083 123985.6448506117
60167975.3688917831 150046.6461944580
64106225.6697057337 157480.5689697266
52416696.8409437090 131979.7279109955
58881361.1906438842 146923.6751556396
57803956.2983863875 144892.1611557007
52946635.1866706535 135721.9695568085
53109734.0565525442 136845.0977020264
50625395.9234801382 81279.3227782473
52196802.4161596149 129066.7899379730
50786464.6617493853 96288.3591302484
50654472.9153555483 85247.9164293483
51037688.4097700194 106715.7389166760
53114621.8357180879 137039.2854099274
51220681.4968683645 112070.4169756025
51509109.0471868441 118751.7358569652
50661447.4533432648 85488.0009459779
52973835.4886900187 135954.0841827393
50883094.5718216524 100406.0434123522
50741779.9331499711 92954.6171184108
58511222.3749698251 146827.5397338867
51902846.9665478393 126879.8221728802
50649088.7860951871 84928.8719802424
50675266.9227459878 88252.0641986653
66499564.7831567749 161180.9367675781
59854976.1064139530 149697.3808135986
50736956.0236543268 92845.2451854274
50601821.3511593193 77216.0705606490
64651341.3421656415 158358.8261108398
53424792.5786293894 139277.1573486328
50705438.0522846803 90833.6988503486
64109546.8010873795 158254.7124328613
56851050.4803730547 144455.2468566895
51133567.2822541744 109872.0715531355
50616953.2388496250 80210.0352977067
51829329.0161488131 124573.2855061293
52257240.9308695421 130468.5450199842
50752588.6863514856 94528.0133557394
51551487.1658961773 120359.5595825911
58881910.2548013777 147381.4683837891
50740063.4264316186 92943.5646328195
50858632.4038209617 99803.7732710629
51051752.5099172518 107166.6469785220
50584906.4434862435 67620.2983400978
51860924.4365861788 126538.7103260756
51544866.1256557032 120295.2414292097
51573394.7852661982 120692.0930680037
50609024.5422877669 77906.2945749387
50657410.7068606392 85325.8394367024
50591601.5851811245 71119.1018867963
51590030.5327279568 120791.2602219582
51220218.3685236499 112035.9992229417
50636995.0751439482 84117.3142183647
50633598.9103619009 83658.4812424406
51307567.8506115749 114371.7680400610
52940279.3492552638 135537.8727054596
50612960.8811910450 78289.5259324163
56776105.2306586355 141189.1908912659
50760938.9792835936 95062.1154097989
51523618.9769921452 119718.8022443301
50703657.6091151908 90813.0220568164
50660424.8774108440 85449.9351630732
52699931.0730285496 133290.6584843397
50629372.0816425085 81547.4251472279
52357940.8759973943 130659.7918949127
50628109.4364229590 81457.9388981387
50624173.0975196809 81074.7075406611
50630847.7766963094 81599.1572658345
50604057.0580524057 77375.7529925092
50605048.3841254041 77673.7583299205
50619205.6132843196 80544.1659582315
50614223.5264105946 78379.0121815056
50645913.1875918880 84812.2971259877
50620196.9393573180 80842.1712956429
50610504.3980854824 78139.8332409039
50642194.0592667758 84573.1181853861
50720058.1571554914 92181.2845715955
50605305.4139626548 77684.0292738825
50620453.9691945687 80852.4422396049
53312922.1835867465 138811.0310306549
50679097.7373673171 88372.8542290926
50601909.2491806075 77225.1962979585
50615699.2214643955 78430.7443001121
50625652.9533173963 81308.2462066263
50617057.8044125214 80393.6092636809
51657879.5130654573 121224.9312734604
50682816.8656924292 88612.0331696942
50655437.7119777575 85325.8392841145
50632547.6801458076 81664.0000014827
50601189.9047540650 74671.1427398473
50669275.3643841073 87561.8553875089
50820967.3897309452 97739.9390315041
50673415.2120748386 88005.5245763063
50731559.6089712232 92680.4389324635
51398502.8456067517 117006.2320464849
51673831.6020612866 122267.7867428362
50749476.1654287949 94475.0668734536
51427785.2350617424 117376.9993652105
50686135.5873175263 88758.2470025495
50702901.7580198199 90801.7661159337
51366073.8140947968 115068.7752239183
51378614.4582651854 115590.0295773612
52207588.7471318766 129793.2294911146
51215727.0172588974 111496.4935582727
51197148.6469435468 111231.8130096197
50580904.8195660710 66870.2865720764
50590775.6347340643 70933.1602525471
50597470.7764289454 74431.9637992457
51682441.6672431454 122965.5711368322
51281781.4241637215 113903.4941772223
51691470.9494681805 122989.5527390242
50698667.9307141304 89323.7061871961
51800800.3565383181 124176.4338673353
51853138.0452892333 125467.2315961367
51676869.3867981806 122645.1175519472
51815816.5347624943 124313.1811188459
50595990.9206312299 74198.4251332805
50581245.3304683566 67409.9413489178
51327121.8618701920 114648.9325946569
53264242.3109457940 138644.3365692496
50577405.1941155195 61135.3467096274
50692341.3900782913 89125.5753278211
51844278.0577771291 124846.6784275770
50601446.9345913082 74671.6763519421
51393857.8261600062 116712.4411516190
50743505.6230063960 93056.9881952587
50714155.1235378757 91778.4908227399
50697317.7401177362 89282.6324363276
50694781.4458528683 89229.6859540418
50715951.1639691144 92051.8002423719
50710268.6386766285 91684.4705895856
50678610.0354537517 88355.4529332593
51500267.7770193964 117876.6278365850
53179846.7049456984 138335.4927887321
51552127.4355388284 120377.8117221594
50682021.2813645825 88541.4699896052
51151145.4383970574 110406.2050611025
51144524.3981565833 110341.8869077212
50583239.2404451892 67608.0411710017
51275181.3698813915 113603.1054269320
50585469.2902925313 70443.6243498176
50672186.0695875958 87830.9212476015
50702530.1750676557 90661.3660498667
50586402.6010583043 70663.2979197749
51533761.1888614297 120257.8373629099
50582855.1748975739 67446.7388443276
51405161.8830410913 117084.2584441900
51455230.3167691901 117575.1565021276
51250567.0073311925 112850.6638165957
51169328.7896280587 110839.5119916445
51393000.6984906420 116704.0768556595
51853628.5363094211 126261.7203478813
50588653.3857021779 70665.4185225815
51288398.1591637358 114030.2347625494
51411782.9232815653 117148.5765975714
51192161.4815104529 111104.0108550787
51495280.6115863100 117876.6277145147
50599927.2595345080 74540.3207244426
51152067.0796058625 110474.0127961636
50589108.4316930026 70920.9030834511
51415911.3825123459 117313.0191728121
51190127.3388629630 111044.2425214297
51281224.1400463805 113777.8553285599
51839778.8458115458 124608.7579994202
51196410.3401435614 111142.5233537203
51398140.5749605075 116896.6879560000
50578168.0867286921 64154.2746496052
50592271.7923061177 73976.1598322242
51286364.0165162459 113970.4664289004
50600184.2893717587 74591.9274347201
50705913.9061836302 91270.0057685226
50579123.3104324341 64163.2448984236
50579228.6859397441 64182.7199164480
50641487.1817592233 84367.6037601158
51668736.8037982285 121368.5528411865
50934077.7362026349 103039.0301944315
50586242.2685826942 70487.5151099637
50597020.9287586436 74236.7203179374
50582305.9296794161 67445.4879833534
50579691.8142844588 64391.4820955545
51374886.1792120561 115535.7802298474
51651379.7809673771 121211.7510986328
51052538.4225827381 107261.0991727358
51055472.5891458690 107356.3693906313
50899258.3743110672 101168.0796478242
50953988.8791211843 103525.9459754473
50957090.7155486494 103612.6744672304
50889540.9995634481 100515.4156657702
50932516.3456790224 102964.5893108323
51008460.4623882920 106023.5512423306
51019671.0848819911 106360.2602103162
51085604.1218282580 107721.1677762514
50856270.0330708474 99626.7795556635
50875899.5399416983 100170.4970675951
52472790.7133930251 132142.1892151237
51018688.7759894803 106217.9893179983
51006210.2935071141 105919.4407992153
51019643.9996932223 106316.2905382900
50995253.1776047051 105449.6254446297
50793451.1997371390 96435.8095549589
50793995.3711008206 96461.0288632959
50777144.0376189128 96019.8940678686
50818664.4826590344 97114.9324676043
50801813.1491771340 96673.7976721770
53650829.2565076500 139461.4957237244
50731387.1331480443 92662.4604743049
