50710821.4529843479 91289.3102654873
50980999.2449990883 103894.7045156008
51805471.8141352311 123053.0589219576
50705913.9061836302 91270.0057685226
52808684.8368143663 132434.9301361442
51650206.2453912273 120879.7407609469
50732399.6998571381 92671.2525731474
50720898.2480414137 92155.5571063086
58047526.8484258354 143879.6710968018
50702441.0000837594 89377.6992055327
51243789.9303590581 112379.3992953091
50591836.2339451164 70968.7928456456
50599002.9132034034 74241.2922988907
68514540.0917795151 159828.9653320312
51585374.2141697332 119972.5050160885
51588924.6219137982 120544.0584297180
50746509.8541734219 93052.9368862375
50612246.5659143776 77996.0930823535
53040113.0182718560 135361.1516632438
51419211.3437112048 116579.5758286959
50773821.6928662956 95892.0920430273
50785527.3274504691 96175.6379740029
50780247.8172686845 96069.0857584267
51555100.3514129221 119834.0964738375
50895457.4235213250 100559.2726117617
53118994.9489698559 135747.0830383301
50588900.7976967543 70590.2893793732
51143486.1405434012 109621.4292527682
50583973.1327204779 67489.6921274422
50693305.8523076102 88897.4668276832
50579123.3104324341 64163.2448984236
50671907.0724827647 85971.2429202124
50581245.3304683641 67409.9413489178
50674347.1282573268 86075.3535464332
51439024.3828217760 117137.4174897671
50850068.0054744855 99229.9017981961
50660438.8191811442 85434.3719119355
50589108.4316930100 70920.9030834511
51141731.1352232471 109526.6659892011
50585673.7647306621 70132.6016101018
51345090.0659039915 114439.9224615097
50599748.7310107574 74280.9220291583
51202355.5436371118 110931.8498517519
51413114.7008811533 116505.0788175112
50603349.0112620741 77122.6195991635
51295479.2434030250 113789.5172940737
52273145.5097464696 129682.5686401725
50643936.2270956710 84429.3780268356
50851739.0415708274 99333.9579164772
51227126.5202728361 111197.8503154516
50606576.0442281514 77637.5096542016
50649552.4350477085 84798.3336887881
50579228.6859397441 64182.7199164480
50614488.5412937924 78312.2293584198
50845312.9171684310 99156.9642010778
50880844.4029404819 100301.9329692370
51183702.6849587634 110863.2957669741
50830175.6668123901 97285.9218837267
50641487.1817592233 84367.6037601158
50939924.7789739445 103066.7069704938
50603436.9092833623 77131.7453364730
50602352.0844039917 74618.5015811473
50655727.7613282874 85039.6670617536
50667800.0792963803 85801.7005576417
51668736.8037982285 121368.5528411865
60025028.2828382999 145170.8275299072
52992165.8316210285 133464.6152862906
52068479.0177338645 126014.8070964813
50662693.9588470086 85486.8372801915
50670240.1350709572 85905.8111838624
50662084.6994995549 85465.0604367629
50610264.5814696252 77934.3188156337
51001662.2968191728 105612.9838430672
50601244.8885828182 74557.4285749570
50854009.5137914196 99370.4468976110
51367740.1874302328 114597.8953534609
50934077.7362026349 103039.0301944315
50828332.6402410939 97241.2144738680
50586242.2685826942 70487.5151099637
50597020.9287586436 74236.7203179374
50582305.9296794161 67445.4879833534
67008940.7586755008 158450.2235107422
50944124.5513525903 103156.7096187547
50674116.4082635492 86044.0538691804
50593332.3915171772 73882.7088707387
50579691.8142844588 64391.4820955545
51306623.7061023191 114211.1959626675
50670076.2760556415 85888.9091374204
50695745.9080821797 89001.5774539039
50699017.6435672268 89288.4578742310
51233601.6281640530 111582.8859969975
50671936.3384498954 85994.9043139741
52303513.8212299719 130156.9621257782
51302975.0214993358 113813.3184423535
51374886.1792120561 115535.7802298474
51257250.7217339277 112820.2187064099
50675447.8063303903 87965.8919763044
50917757.0405778363 102260.1826479225
50815247.3962178305 97008.3802520281
51132013.3719147965 109453.1777682095
52260224.0731687248 129320.0749267936
51736196.9408428892 122072.9125671387
52058543.2695086375 125884.7180538177
50873642.9229773954 100121.3664107113
50977200.9852278680 103850.5965372568
50660253.9030724242 85382.7266539708
50942147.8626663461 103126.8477415829
53545759.2755801976 138333.2456573844
50864946.3263544217 99907.8837141781
50928714.1564802453 102729.9980025082
51465539.8577959761 117425.7165946960
50807092.6593588963 96780.7281531340
50987867.0397200882 104105.0938855654
60594841.8128162920 148493.9006958008
51124395.9711658433 109009.0207247525
53280856.9864550680 136596.9849151969
50790673.0263482034 96333.2268384546
51026053.1189076826 106479.6489367275
51651379.7809673771 121211.7510986328
51147059.7809545472 110158.7644740588
53282135.1855280548 136736.2020172477
51400558.4850328565 116481.2950421816
51037688.4097700194 106715.7389166760
66559708.6706089154 156604.5153198242
51282923.0275547206 113765.7335187441
50975489.9843976945 103843.5728818423
51145474.1632896662 109893.9971793103
50619817.0380647480 80398.7471613958
51303970.8218059838 113877.7892972475
51159538.2634368986 110647.3916837221
51747805.1465164423 122265.0328750610
50702893.9167598188 89426.7005595490
51398363.7409344316 116289.1747342593
51280728.2834562957 113573.6132108218
51744628.6651895493 122263.9348888397
50601214.2011342272 74293.0595137775
53176524.1343950480 136440.5163483024
51171146.4691104591 110839.5119916445
50638265.7054094449 84070.7945986837
53105024.7858324721 135374.5052986145
50782518.2894892693 96105.5747395605
50656244.1859193742 85047.3853487894
50909080.7472942695 101979.0784894079
67921150.2286420465 158833.2266845703
63421788.6691186056 149201.5671539307
50635038.6724433601 83555.9045436457
51040930.2169091776 107068.9788648135
64919316.3838379532 153087.8325347900
51431087.4086047560 116774.0359632021
51052538.4225827381 107261.0991727358
50635126.5704646558 83565.0302809551
52818424.3461521342 132660.4877910614
66154181.2278425619 154533.5861511230
66730887.2773484737 157026.6359863281
50686161.5342820659 88391.2853513137
68379609.4849707633 159266.4243164062
51055472.5891458690 107356.3693906313
51092437.0033968017 107764.0257474429
52375281.1243167073 130344.3554901481
50618585.4645152763 80300.1583021954
64449585.4930806831 149494.3079223633
60125854.5592316091 145286.4093170166
66704160.8971923813 156815.9732055664
51012619.4127215818 106082.7991976528
53019683.3262644559 135050.7677826285
51691013.8070090711 121721.3577481753
51702622.0126826316 121913.4780560976
51097212.3275018260 107913.2880841738
50859588.7546959519 99705.4538236707
52150823.1068520322 127003.6393646598
50899258.3743110672 101168.0796478242
51050079.0222397149 107106.3448239809
52131879.8255872279 126710.8984436393
51475284.3383370042 117592.7308206505
51032289.0247687697 106593.6714982039
50953988.8791211843 103525.9459754473
51532835.3097545952 119612.2494794375
50957090.7155486494 103612.6744672304
50884596.1365646720 100383.9797641283
69481572.5828009546 159855.4018554688
51266216.6050126255 112893.1378525740
51497944.1111769676 117596.2289800644
51423009.3190565929 116581.9156552798
50889540.9995634481 100515.4156657702
51463676.1326634362 117400.6105127281
50932516.3456790224 102964.5893108323
51254803.2377581596 112609.5583670544
51391587.5553094372 115800.5475245959
50862696.1574732363 99803.7732710629
51008460.4623882920 106023.5512423306
51019671.0848819911 106360.2602103162
50966983.6151516140 103740.4127561098
50966999.8280629888 103752.7453547961
50841252.9101221189 98789.6348687261
51277173.7209150270 113362.9532071596
51085604.1218282580 107721.1677762514
50856270.0330708474 99626.7795556635
50875899.5399416983 100170.4970675951
50680619.1000310555 88126.5075668544
51781864.1862137392 122557.7737960815
52472790.7133930251 132142.1892151237
51018688.7759894803 106217.9893179983
51529769.8375747055 118134.4835457169
50810302.5332190469 96876.9443503863
51023341.4930557609 106427.4829735814
59852830.0148896202 144935.2171325684
50914025.6102930531 101979.0786419958
50924982.7261954620 102448.8939965814
51518161.6319011524 117942.3632377945
50989674.5929567143 104924.6068938433
50656411.4138389379 85080.5437813178
51023011.7051106840 106396.2953643799
50709556.5655786321 91288.2724076360
50905020.7402479574 101611.7491570562
51006210.2935071141 105919.4407992153
51415594.7546944544 116576.3329162889
50726941.4855751991 92324.6207068488
51019643.9996932223 106316.2905382900
50920037.8631966785 102448.8938439935
50995253.1776047051 105449.6254446297
50871392.7540962100 100017.2559675961
50951139.0600042641 103310.8092074185
51878595.6986011267 124484.8335327506
50926463.9875990674 102625.8875593930
50915506.8716966584 102156.0722048073
50618497.5664939806 80291.0325648859
50705304.7065672502 89502.5064185187
50593301.7040685862 70977.2422792912
50658167.8171028569 85143.7776879743
50793451.1997371390 96435.8095549589
50627180.6134201586 81279.1738385856
50656378.8121348247 85049.8545097634
51897325.9999549836 125449.8672241569
51525528.2899100557 118015.6337655783
51524358.2943243235 117943.1422676407
50646178.2024750859 84745.5143029019
50701428.4333746582 89368.9071066901
50664524.7552741170 85569.1710629836
50683460.1172521561 88360.5961398408
50793995.3711008206 96461.0288632959
60321058.3279170468 145831.4060668945
50777144.0376189128 96019.8940678686
50620332.1462665722 80673.2343604863
50797099.1507505998 96510.2205538540
50728901.1859716326 92366.2189410254
50798396.0627359226 96567.2454566008
50737173.0481967926 92791.6460707071
50818664.4826590344 97114.9324676043
50769761.6858199686 95524.7627106756
50801813.1491771340 96673.7976721770
50739697.2996015102 92871.5601821914
50734705.8547731563 92741.1347423121
50723065.2123825997 92191.0213950202
50695515.1880883873 88970.2777766511
50823943.9928408042 97221.8629485613
51740261.1321089715 122183.9577283806
52900631.9474993721 132699.7851013541
50837589.5229921266 98714.2063313574
50844015.6473945156 98891.2000467568
52216719.9693221599 127418.1339630485
53113904.2856870666 135465.2623810172
50833529.5159458071 98346.8769990057
53363133.3554915562 136844.8805450797
50806264.0663284585 96724.5651733354
50788944.4138916656 96282.5684549599
50751016.6400188953 93206.1779862365
50666733.9795215800 85661.0467895195
50650616.4461979344 84928.1894284859
50621724.5994600654 80805.9226199239
50650097.5418406874 84865.4650816396
50654535.7855635285 85031.5781630799
50693815.2846389040 88954.6003497764
52233181.9679662883 127442.2474403381
50746978.1731283069 93053.7988091856
50681617.0906808600 88325.1317233369
50740083.7297710255 92875.9431708381
50675426.7804850414 87504.6951468645
50687520.1242984757 88727.9254721925
51685190.8140619621 121457.5567116104
50738281.5765053406 92840.3161126524
50754055.2645475417 93218.6423221603
53650829.2565076500 139461.4957237244
50731387.1331480443 92662.4604743049
50755961.5030176789 93337.6138878784
51223034.1839876324 110937.5911625624
50675417.4747934267 87417.5447898565
50691406.6091597304 88862.0037386939
50626923.5835828930 81278.6402264908
52001828.8077309430 125763.9719910026
50688995.8193522915 88781.5545062348
50697288.4858079180 89031.0672781989
50634075.3402485549 81663.3174497262
52164626.0508451685 127107.7500824332
51937791.3238321915 125742.6082672477
51869657.8261158317 124293.6938318014
50625413.1367015392 81102.7317813560
50632812.6950290129 81575.6629200503
50633556.4358913079 81600.5931028798
51528697.1677011400 118020.3614825308
50629637.0965257064 81480.6423241422
