50649555.8469868824 84928.8719802424
51256300.9566008523 113268.1084348208
51222307.6382420436 111624.4135278314
63944801.4254762754 153310.8908081055
51099573.9638953730 108228.3766461462
51778130.3026934937 123640.6765793562
51853138.0452892333 125467.2315961367
51676869.3867981806 122645.1175519472
51110531.0797977820 108698.1920007318
51815816.5347624943 124313.1811188459
51755134.6144118682 123514.2065323591
50595990.9206312299 74198.4251332805
50581245.3304683566 67409.9413489178
50633014.7410375029 81664.0000014827
51696458.1149012744 123117.3548935652
50669742.4252758026 87561.8553875089
51327121.8618701920 114648.9325946569
53264242.3109457940 138644.3365692496
51139537.2327235043 110214.0847531802
67445588.8131996840 160528.4450683594
50577405.1941155195 61135.3467096274
65721549.3312738687 155936.0704040527
66153627.6883305907 158825.6677246094
50692341.3900782913 89125.5753278211
62631251.2708119452 149987.8176422119
50719837.6488303617 92145.8204755262
51844278.0577771291 124846.6784275770
51893329.4537027627 126336.3171890974
64929363.8943882510 154688.7007446289
50601446.9345913082 74671.6763519421
50616166.2823560908 78430.7443001121
51393857.8261600062 116712.4411516190
50642661.1201584712 84573.1181853861
50743505.6230063960 93056.9881952587
50724644.0086445138 92285.3941907361
50669427.2667959854 87356.0438986851
50609491.6031794623 77906.2945749387
64520070.4951161593 153569.3674316406
51165754.8196992800 110683.2091888189
50714155.1235378757 91778.4908227399
51117014.6303015947 109100.9165370464
53145837.0221677646 135964.4261688590
50697317.7401177362 89282.6324363276
50624640.1584113762 81074.7075406611
50694781.4458528683 89229.6859540418
50715951.1639691144 92051.8002423719
51129771.2203997374 109742.6456738955
52972035.7786680236 134915.4442468435
52132083.1388936937 126867.0079640150
51427785.2350617498 117376.9993652105
50732862.8282018602 92705.6703258082
50592023.9906443134 71117.8107905760
50684759.6216379330 88722.7825860456
62689927.7703225389 150384.6692810059
50673882.2729665339 88005.5245763063
50710268.6386766285 91684.4705895856
50728407.8394885957 92450.0636274442
50718487.4582339823 92104.7467246577
50734705.8547731489 92741.1347423121
51694585.3752083480 122989.5527390242
65970832.9674289227 156557.0135803223
59308283.1424747333 146353.9296569824
51910741.5428114682 126336.3208206892
50678610.0354537517 88355.4529332593
50604207.1064994261 77341.9635227546
50604239.9610037729 77355.6781311333
50683283.9265841246 88612.0331696942
50686658.8647858128 88758.2456750348
53455874.4749581367 138857.8190216422
50689098.9205603898 88862.3563012555
52156433.5580674261 127093.8926486969
51369644.3452168033 115201.5124239712
66074035.5881597102 158752.3796386719
50599903.2836065367 74371.1673614332
51500267.7770193964 117876.6278365850
50703314.7293682098 90783.5638944954
52208245.8880197927 128454.4148926139
50604524.1189441010 77375.7529925092
53035129.0457490534 135513.3821319938
50591151.7375108302 70923.8584054881
50668802.3384716213 87041.7029069471
50676338.7560720965 88174.1403368190
53179846.7049456984 138335.4927887321
52323570.9338319004 130200.3565124869
51552127.4355388284 120377.8117221594
50677601.4012916386 88244.7035169080
50610971.4589771777 78139.8332409039
50626120.0142090917 81308.2462066263
50599375.0984647945 74370.8364819810
51691558.1294874921 122965.5711368322
51780372.1573888287 123740.2897404432
52667751.1467422843 132249.5936249495
51127058.7502411455 109725.4575435168
50682021.2813645825 88541.4699896052
50620921.0300862640 80852.4422396049
51151145.4383970574 110406.2050611025
67098971.2079100683 159551.8674316406
51144524.3981565833 110341.8869077212
51292647.0177968442 114068.7472611910
50619388.5162356868 80524.0910968557
50605772.4748543501 77684.0292738825
51133567.2822541818 109872.0715531355
50583239.2404451892 67608.0411710017
50700961.6049593911 89377.6990128905
51275181.3698813915 113603.1054269320
53165780.5904899240 136611.7221736908
50642647.6537229493 84421.1842192858
52193565.6573164985 127240.1153831482
53422791.0422907472 138753.7083038688
50585469.2902925313 70443.6243498176
50626106.5477735698 81156.3122405261
51300006.3648372963 114222.3550704718
50591845.1485828683 70977.4388646581
50672186.0695875958 87830.9212476015
50661789.0097775310 85458.3833138421
51138790.4488869235 109924.4422894961
51929381.8296365291 126807.7599552870
50702530.1750676557 90661.3660498667
51793408.9092070013 123938.8686016798
51348045.9417128861 114738.1800046717
50586402.6010583043 70663.2979197749
51717648.5060102493 123181.6730469465
51120255.3811853305 109277.3027969375
51400174.7176079974 116956.4562896490
52717350.7698996663 133186.5477665663
50651966.6367943212 84952.2008303925
50654939.9762472436 85247.9164293483
51625398.7614317611 120798.6450089216
56855907.7973723114 139889.6470108032
52145642.2655723467 126908.5749267936
50629839.1425342038 81547.4251472279
51533761.1888614297 120257.8373629099
60497065.0739359334 149056.4417114258
50614690.5873022899 78379.0121815056
51527668.6566933244 119419.6383790970
50597714.3398306817 74290.3007771075
51492272.1256998256 117874.2076432705
50646380.2484835833 84812.2971259877
50582855.1748975739 67446.7388443276
51090591.2872613519 107848.9699307925
51405161.8830410913 117084.2584441900
51455230.3167691901 117575.1565021276
51451592.8369049132 117453.5652701221
66343229.1280637905 159418.8364257812
51203769.6871840134 111296.1311630011
51250567.0073311925 112850.6638165957
51169328.7896280587 110839.5119916445
51393000.6984906420 116704.0768556595
51510044.3023718148 117979.4583817965
51293385.3245968297 114158.0369170904
50634065.9712535962 83658.4812424406
50961226.2134354413 103757.8585731036
51853628.5363094211 126261.7203478813
50588653.3857021779 70665.4185225815
51157720.5839544907 110647.3916837221
51288398.1591637358 114030.2347625494
51411782.9232815653 117148.5765975714
51192161.4815104529 111104.0108550787
51495280.6115863100 117876.6277145147
50602376.3100723028 77225.1962979585
51525209.0740367174 119227.5180711746
50599927.2595345080 74540.3207244426
50617524.8653042167 80393.6092636809
50645117.6032640338 84722.8108768985
50617436.9672829360 80384.4835263714
51152067.0796058625 110474.0127961636
50637205.1061983928 84107.0432744026
52890168.4170985222 133972.1699432731
50589108.4316930026 70920.9030834511
50620664.0002490133 80842.1712956429
50628576.4973146543 81457.9388981387
51415911.3825123459 117313.0191728121
52139922.2531293407 126905.4881042838
51190127.3388629630 111044.2425214297
50602288.4120510146 77216.0705606490
50613427.9420827404 78289.5259324163
51281224.1400463805 113777.8553285599
51839778.8458115458 124608.7579994202
51196410.3401435614 111142.5233537203
50605515.4450170994 77673.7583299205
51398140.5749605075 116896.6879560000
50578168.0867286921 64154.2746496052
50592271.7923061177 73976.1598322242
51282081.2677157447 113786.2196245193
51286364.0165162459 113970.4664289004
50600184.2893717587 74591.9274347201
51753343.2740197331 123236.4935398102
51271314.8218811601 113573.6132108218
52189480.7246595398 127202.4844207764
50705913.9061836302 91270.0057685226
51650206.2453912273 120879.7407609469
50732399.6998571381 92671.2525731474
50720898.2480414137 92155.5571063086
58047526.8484258354 143879.6710968018
51243789.9303590581 112379.3992953091
50591836.2339451164 70968.7928456456
51588924.6219137982 120544.0584297180
53118994.9489698559 135747.0830383301
50579123.3104324341 64163.2448984236
52273145.5097464696 129682.5686401725
50579228.6859397441 64182.7199164480
50614488.5412937924 78312.2293584198
50845312.9171684310 99156.9642010778
51183702.6849587634 110863.2957669741
50641487.1817592233 84367.6037601158
50939924.7789739445 103066.7069704938
51668736.8037982285 121368.5528411865
50662693.9588470086 85486.8372801915
50662084.6994995549 85465.0604367629
50610264.5814696252 77934.3188156337
50854009.5137914196 99370.4468976110
50934077.7362026349 103039.0301944315
50586242.2685826942 70487.5151099637
50597020.9287586436 74236.7203179374
50582305.9296794161 67445.4879833534
50944124.5513525903 103156.7096187547
50579691.8142844588 64391.4820955545
50699017.6435672268 89288.4578742310
52303513.8212299719 130156.9621257782
51374886.1792120561 115535.7802298474
50917757.0405778363 102260.1826479225
50815247.3962178305 97008.3802520281
52260224.0731687248 129320.0749267936
50873642.9229773954 100121.3664107113
50864946.3263544217 99907.8837141781
50928714.1564802453 102729.9980025082
50807092.6593588963 96780.7281531340
50987867.0397200882 104105.0938855654
50790673.0263482034 96333.2268384546
51651379.7809673771 121211.7510986328
50782518.2894892693 96105.5747395605
50909080.7472942695 101979.0784894079
51040930.2169091776 107068.9788648135
51052538.4225827381 107261.0991727358
51055472.5891458690 107356.3693906313
52375281.1243167073 130344.3554901481
51012619.4127215818 106082.7991976528
53019683.3262644559 135050.7677826285
51097212.3275018260 107913.2880841738
50859588.7546959519 99705.4538236707
52150823.1068520322 127003.6393646598
50899258.3743110672 101168.0796478242
51050079.0222397149 107106.3448239809
51475284.3383370042 117592.7308206505
50953988.8791211843 103525.9459754473
51532835.3097545952 119612.2494794375
50957090.7155486494 103612.6744672304
50884596.1365646720 100383.9797641283
50889540.9995634481 100515.4156657702
50932516.3456790224 102964.5893108323
51391587.5553094372 115800.5475245959
50862696.1574732363 99803.7732710629
51008460.4623882920 106023.5512423306
51019671.0848819911 106360.2602103162
50841252.9101221189 98789.6348687261
51085604.1218282580 107721.1677762514
50856270.0330708474 99626.7795556635
50875899.5399416983 100170.4970675951
52472790.7133930251 132142.1892151237
51018688.7759894803 106217.9893179983
50810302.5332190469 96876.9443503863
51023341.4930557609 106427.4829735814
50989674.5929567143 104924.6068938433
51023011.7051106840 106396.2953643799
50905020.7402479574 101611.7491570562
51006210.2935071141 105919.4407992153
50726941.4855751991 92324.6207068488
51019643.9996932223 106316.2905382900
50920037.8631966785 102448.8938439935
50995253.1776047051 105449.6254446297
50871392.7540962100 100017.2559675961
50926463.9875990674 102625.8875593930
50915506.8716966584 102156.0722048073
50793451.1997371390 96435.8095549589
50646178.2024750859 84745.5143029019
50664524.7552741170 85569.1710629836
50793995.3711008206 96461.0288632959
50777144.0376189128 96019.8940678686
50620332.1462665722 80673.2343604863
50798396.0627359226 96567.2454566008
50818664.4826590344 97114.9324676043
50769761.6858199686 95524.7627106756
50801813.1491771340 96673.7976721770
50739697.2996015102 92871.5601821914
50823943.9928408042 97221.8629485613
50837589.5229921266 98714.2063313574
50844015.6473945156 98891.2000467568
50806264.0663284585 96724.5651733354
50788944.4138916656 96282.5684549599
50751016.6400188953 93206.1779862365
50740083.7297710255 92875.9431708381
50738281.5765053406 92840.3161126524
50754055.2645475417 93218.6423221603
53650829.2565076500 139461.4957237244
50731387.1331480443 92662.4604743049
50755961.5030176789 93337.6138878784
50688995.8193522915 88781.5545062348
52164626.0508451685 127107.7500824332
50625413.1367015392 81102.7317813560
50629637.0965257064 81480.6423241422
