50760938.9792836010 95062.1154097989
50610504.3980854824 78139.8332409039
50614223.5264106020 78379.0121815056
50642194.0592667758 84573.1181853861
50605048.3841254115 77673.7583299205
50720058.1571554914 92181.2845715955
51819743.6378031224 124469.1747883558
50604057.0580524132 77375.7529925092
50605305.4139626548 77684.0292738825
50628109.4364229664 81457.9388981387
50620453.9691945687 80852.4422396049
51603542.6251662970 120692.0930680037
53312922.1835867465 138811.0310306549
50679097.7373673171 88372.8542290926
50601909.2491806075 77225.1962979585
50652016.4322499931 85079.3006688356
50615699.2214643955 78430.7443001121
50662864.9331854209 85554.0457892939
50625652.9533173963 81308.2462066263
50637205.1061984003 84107.0432744026
50617057.8044125214 80393.6092636809
50630847.7766963169 81599.1572658345
50624173.0975196883 81074.7075406611
50740256.2055941895 92893.9216289967
51657879.5130654573 121224.9312734604
51641295.4007885456 121062.3322877884
50682816.8656924292 88612.0331696942
50619205.6132843271 80544.1659582315
52343523.3726724684 130416.9658145905
50655437.7119777575 85325.8392841145
50632547.6801458076 81664.0000014827
51703079.1551417485 123181.6730469465
52156433.5580674186 127093.8926486969
50601189.9047540650 74671.1427398473
50666804.1825134009 87105.6862272529
50732620.2081822678 92706.7166692168
50911936.3405746520 102023.3350047544
53015200.9990590066 135537.8727054596
50669275.3643841073 87561.8553875089
50820967.3897309452 97739.9390315041
50673415.2120748386 88005.5245763063
50731559.6089712232 92680.4389324635
51398502.8456067517 117006.2320464849
51673831.6020612866 122267.7867428362
50749476.1654287949 94475.0668734536
51427785.2350617424 117376.9993652105
50730326.5339369997 92652.7238435224
50686135.5873175263 88758.2470025495
50702901.7580198199 90801.7661159337
62304885.3408407047 151291.4689331055
57250572.4259022847 141544.2868270874
51509457.4228539541 117900.3210510015
51118814.1044973210 109272.8303193098
52659567.7975299060 132620.4139240980
65214226.3230190724 157706.3344116211
50665260.0849609673 85832.0217675641
51366073.8140947968 115068.7752239183
50602856.9159030467 77358.1239708364
51233652.0747097507 112432.8489620164
51378614.4582651854 115590.0295773612
65517793.1874864101 158961.2590332031
51108441.8100793883 109109.7776958421
52207588.7471318766 129793.2294911146
51728666.8452676237 123514.2065323591
51524323.3936247304 119662.3575944901
51097484.6941769794 108639.9623412564
51215727.0172588974 111496.4935582727
51119848.3022207990 109328.1597445607
53013107.9430550560 135409.2714142203
51197148.6469435468 111231.8130096197
51108904.9384241030 109144.1954485029
51097947.8225216940 108674.3800939173
52139471.5401896611 126935.5619648695
63584453.4808723629 152483.1354675293
52418458.9093876258 130731.0704593658
50580904.8195660710 66870.2865720764
53123684.2531664521 136164.1567291617
60974905.5733781308 150384.6692810059
63682107.5125044212 152867.6059722900
62560591.3060744703 152086.2838287354
50590775.6347340643 70933.1602525471
51106278.3919317350 108904.9126620083
50591601.5851811320 71119.1018867963
64533674.5451197252 154780.1128845215
50676975.4364622682 88252.0641986653
50597470.7764289454 74431.9637992457
50737813.2575504482 92839.4541897043
63959665.5268956497 154383.2612457275
50785527.3274504691 96175.6379740029
67261378.1005806029 160528.4450683594
51682441.6672431454 122965.5711368322
51706444.7704140767 123246.9577454329
52188642.2884337679 127490.7442874908
52035721.9246636257 126859.6388748884
51281781.4241637215 113903.4941772223
51691470.9494681805 122989.5527390242
53080710.2282799780 135884.4105743766
51921026.9111224711 126440.4280594587
50841219.1852428839 98798.4266471341
53006856.5608719066 134996.6690921783
50698667.9307141304 89323.7061871961
51715401.3961660787 123410.0958145857
52179056.9100880772 127386.6335697174
51800800.3565383181 124176.4338673353
63944801.4254762754 153310.8908081055
51778130.3026934937 123640.6765793562
51853138.0452892333 125467.2315961367
51676869.3867981806 122645.1175519472
51815816.5347624943 124313.1811188459
50595990.9206312299 74198.4251332805
50581245.3304683566 67409.9413489178
51696458.1149012744 123117.3548935652
51327121.8618701920 114648.9325946569
53264242.3109457940 138644.3365692496
50577405.1941155195 61135.3467096274
50692341.3900782913 89125.5753278211
50719837.6488303617 92145.8204755262
51844278.0577771291 124846.6784275770
51893329.4537027627 126336.3171890974
50601446.9345913082 74671.6763519421
51393857.8261600062 116712.4411516190
50743505.6230063960 93056.9881952587
50724644.0086445138 92285.3941907361
50609491.6031794623 77906.2945749387
51165754.8196992800 110683.2091888189
50714155.1235378757 91778.4908227399
50697317.7401177362 89282.6324363276
50694781.4458528683 89229.6859540418
50715951.1639691144 92051.8002423719
51129771.2203997374 109742.6456738955
52972035.7786680236 134915.4442468435
52132083.1388936937 126867.0079640150
50684759.6216379330 88722.7825860456
50710268.6386766285 91684.4705895856
50728407.8394885957 92450.0636274442
50718487.4582339823 92104.7467246577
50734705.8547731489 92741.1347423121
59308283.1424747333 146353.9296569824
51910741.5428114682 126336.3208206892
50678610.0354537517 88355.4529332593
53455874.4749581367 138857.8190216422
50689098.9205603898 88862.3563012555
51369644.3452168033 115201.5124239712
51500267.7770193964 117876.6278365850
50676338.7560720965 88174.1403368190
53179846.7049456984 138335.4927887321
52323570.9338319004 130200.3565124869
51552127.4355388284 120377.8117221594
51780372.1573888287 123740.2897404432
51127058.7502411455 109725.4575435168
50682021.2813645825 88541.4699896052
51151145.4383970574 110406.2050611025
67098971.2079100683 159551.8674316406
51144524.3981565833 110341.8869077212
51292647.0177968442 114068.7472611910
51133567.2822541818 109872.0715531355
50583239.2404451892 67608.0411710017
50700961.6049593911 89377.6990128905
51275181.3698813915 113603.1054269320
53165780.5904899240 136611.7221736908
50585469.2902925313 70443.6243498176
51300006.3648372963 114222.3550704718
50672186.0695875958 87830.9212476015
50661789.0097775310 85458.3833138421
51138790.4488869235 109924.4422894961
51929381.8296365291 126807.7599552870
50702530.1750676557 90661.3660498667
51793408.9092070013 123938.8686016798
50586402.6010583043 70663.2979197749
52717350.7698996663 133186.5477665663
50651966.6367943212 84952.2008303925
50654939.9762472436 85247.9164293483
51625398.7614317611 120798.6450089216
56855907.7973723114 139889.6470108032
50629839.1425342038 81547.4251472279
51533761.1888614297 120257.8373629099
60497065.0739359334 149056.4417114258
51492272.1256998256 117874.2076432705
50646380.2484835833 84812.2971259877
50582855.1748975739 67446.7388443276
51090591.2872613519 107848.9699307925
51405161.8830410913 117084.2584441900
51455230.3167691901 117575.1565021276
51451592.8369049132 117453.5652701221
66343229.1280637905 159418.8364257812
51203769.6871840134 111296.1311630011
51250567.0073311925 112850.6638165957
51169328.7896280587 110839.5119916445
51393000.6984906420 116704.0768556595
51510044.3023718148 117979.4583817965
51293385.3245968297 114158.0369170904
51853628.5363094211 126261.7203478813
50588653.3857021779 70665.4185225815
51157720.5839544907 110647.3916837221
51288398.1591637358 114030.2347625494
51411782.9232815653 117148.5765975714
51192161.4815104529 111104.0108550787
51495280.6115863100 117876.6277145147
50599927.2595345080 74540.3207244426
51152067.0796058625 110474.0127961636
52890168.4170985222 133972.1699432731
50589108.4316930026 70920.9030834511
51415911.3825123459 117313.0191728121
51190127.3388629630 111044.2425214297
50613427.9420827404 78289.5259324163
51281224.1400463805 113777.8553285599
51839778.8458115458 124608.7579994202
51196410.3401435614 111142.5233537203
51398140.5749605075 116896.6879560000
50578168.0867286921 64154.2746496052
50592271.7923061177 73976.1598322242
51286364.0165162459 113970.4664289004
50600184.2893717587 74591.9274347201
51271314.8218811601 113573.6132108218
50705913.9061836302 91270.0057685226
58047526.8484258354 143879.6710968018
51588924.6219137982 120544.0584297180
50579123.3104324341 64163.2448984236
50579228.6859397441 64182.7199164480
51183702.6849587634 110863.2957669741
50641487.1817592233 84367.6037601158
50939924.7789739445 103066.7069704938
51668736.8037982285 121368.5528411865
50662693.9588470086 85486.8372801915
50662084.6994995549 85465.0604367629
50610264.5814696252 77934.3188156337
50854009.5137914196 99370.4468976110
50934077.7362026349 103039.0301944315
50586242.2685826942 70487.5151099637
50597020.9287586436 74236.7203179374
50582305.9296794161 67445.4879833534
50944124.5513525903 103156.7096187547
50579691.8142844588 64391.4820955545
52303513.8212299719 130156.9621257782
51374886.1792120561 115535.7802298474
50917757.0405778363 102260.1826479225
50873642.9229773954 100121.3664107113
50864946.3263544217 99907.8837141781
50928714.1564802453 102729.9980025082
50807092.6593588963 96780.7281531340
50987867.0397200882 104105.0938855654
50790673.0263482034 96333.2268384546
51651379.7809673771 121211.7510986328
50782518.2894892693 96105.5747395605
50909080.7472942695 101979.0784894079
51052538.4225827381 107261.0991727358
51055472.5891458690 107356.3693906313
51012619.4127215818 106082.7991976528
51097212.3275018260 107913.2880841738
50859588.7546959519 99705.4538236707
52150823.1068520322 127003.6393646598
50899258.3743110672 101168.0796478242
51050079.0222397149 107106.3448239809
51475284.3383370042 117592.7308206505
50953988.8791211843 103525.9459754473
50957090.7155486494 103612.6744672304
50884596.1365646720 100383.9797641283
50889540.9995634481 100515.4156657702
50932516.3456790224 102964.5893108323
50862696.1574732363 99803.7732710629
51008460.4623882920 106023.5512423306
51019671.0848819911 106360.2602103162
51085604.1218282580 107721.1677762514
50856270.0330708474 99626.7795556635
50875899.5399416983 100170.4970675951
52472790.7133930251 132142.1892151237
51018688.7759894803 106217.9893179983
50810302.5332190469 96876.9443503863
51023341.4930557609 106427.4829735814
50989674.5929567143 104924.6068938433
51023011.7051106840 106396.2953643799
51006210.2935071141 105919.4407992153
50726941.4855751991 92324.6207068488
51019643.9996932223 106316.2905382900
50920037.8631966785 102448.8938439935
50995253.1776047051 105449.6254446297
50871392.7540962100 100017.2559675961
50926463.9875990674 102625.8875593930
50915506.8716966584 102156.0722048073
50793451.1997371390 96435.8095549589
50646178.2024750859 84745.5143029019
50664524.7552741170 85569.1710629836
50793995.3711008206 96461.0288632959
50777144.0376189128 96019.8940678686
50620332.1462665722 80673.2343604863
50798396.0627359226 96567.2454566008
50818664.4826590344 97114.9324676043
50801813.1491771340 96673.7976721770
50837589.5229921266 98714.2063313574
50844015.6473945156 98891.2000467568
50806264.0663284585 96724.5651733354
50788944.4138916656 96282.5684549599
50740083.7297710255 92875.9431708381
50738281.5765053406 92840.3161126524
53650829.2565076500 139461.4957237244
50731387.1331480443 92662.4604743049
50688995.8193522915 88781.5545062348
52164626.0508451685 127107.7500824332
50625413.1367015392 81102.7317813560
50629637.0965257064 81480.6423241422
